[[2.470950126647949, 7.503000259399414, -2.1750001907348633], [2.2699501514434814, 6.50700044631958, -1.7010000944137573], [2.3560500144958496, 6.727050304412842, -1.2130500078201294], [3.759000062942505, 8.047050476074219, -1.363050103187561], [5.308050155639648, 10.381050109863281, -2.311950206756592], [4.8510003089904785, 9.732000350952148, -6.523050308227539], [3.7300500869750977, 9.289050102233887, -8.161050796508789], [4.321950435638428, 7.953000545501709, -6.979950428009033], [5.947050094604492, 7.467000484466553, -4.636050224304199], [3.939000129699707, 9.313050270080566, -3.3390002250671387], [-2.6950502395629883, 14.422050476074219, -6.268950462341309], [-4.717950344085693, 11.57805061340332, -2.9100000858306885], [-0.17595000565052032, 5.752950191497803, -0.6550500392913818], [2.851950168609619, 4.615950107574463, -0.6910500526428223], [7.623000144958496, 7.603950500488281, -0.5730000138282776], [6.9150004386901855, 12.02595043182373, -4.924050331115723], [4.708950042724609, 11.370000839233398, -5.338050365447998], [5.011050224304199, 9.1360502243042, -2.6419501304626465], [5.679000377655029, 9.41100025177002, -2.826000213623047], [5.6670002937316895, 10.76400089263916, -2.1610500812530518], [4.71405029296875, 11.5489501953125, -2.7330000400543213], [4.495950222015381, 10.816950798034668, -3.705000162124634], [4.3309502601623535, 10.692000389099121, -3.9870002269744873], [3.807000160217285, 11.170950889587402, -3.8560502529144287], [3.2779500484466553, 11.07300090789795, -3.424950122833252], [2.5759501457214355, 10.72095012664795, -3.315000057220459], [2.4589500427246094, 10.944000244140625, -4.222050189971924], [2.5759501457214355, 10.671000480651855, -4.624050140380859], [2.5360500812530518, 9.640950202941895, -4.332000255584717], [2.284050226211548, 9.04995059967041, -3.4150502681732178], [1.7500500679016113, 9.295950889587402, -3.3790502548217773], [1.125, 9.760950088500977, -4.378050327301025], [0.9600000381469727, 10.539000511169434, -4.99500036239624], [0.5749500393867493, 10.660950660705566, -5.022000312805176], [0.3540000021457672, 9.835050582885742, -4.332000255584717], [0.26295000314712524, 8.513999938964844, -3.2479500770568848], [0.07200000435113907, 7.819050312042236, -2.6830501556396484], [-0.3150000274181366, 7.836000442504883, -3.175950050354004], [-0.7339500188827515, 8.248050689697266, -3.7960500717163086], [-1.215000033378601, 8.377050399780273, -4.866000175476074], [-1.5670500993728638, 7.944000244140625, -5.455050468444824], [-1.9480501413345337, 7.579950332641602, -5.685000419616699], [-2.7520501613616943, 7.837950229644775, -5.278050422668457], [-3.195000171661377, 7.944000244140625, -4.240950107574463], [-2.416950225830078, 6.841950416564941, -2.2350001335144043], [-1.4520000219345093, 6.069000244140625, -1.1290500164031982], [-1.8829500675201416, 6.397050380706787, -0.46995002031326294], [-3.892050266265869, 6.913950443267822, 0.8719500303268433], [-8.520000457763672, 7.168050289154053, 0.8929500579833984], [-12.649950981140137, 6.559950351715088, 3.160950183868408], [-10.969050407409668, 5.688000202178955, 2.055000066757202], [-9.364950180053711, 4.539000034332275, -0.35805001854896545], [-9.379050254821777, 3.775050163269043, -2.5489501953125], [-8.10300064086914, 3.229950189590454, -3.7669501304626465], [-5.971950054168701, 2.3389501571655273, -3.2880001068115234], [-5.4910502433776855, 1.7620500326156616, -1.3320000171661377], [-5.953050136566162, 0.8809500336647034, 0.7450500130653381], [-7.8949503898620605, 0.42795002460479736, 1.8490500450134277], [-9.955950736999512, 0.7950000166893005, 1.2690000534057617], [-10.00200080871582, 0.6409500241279602, 0.1489500105381012], [-9.918000221252441, 0.43095001578330994, -1.4140501022338867], [-10.31100082397461, 2.3080501556396484, -3.1690502166748047], [-10.653000831604004, 1.9530000686645508, -3.1710002422332764], [-11.308950424194336, 0.7870500087738037, -0.3960000276565552], [-10.344000816345215, 0.9049500226974487, -0.2760000228881836], [-7.735050201416016, 0.19395001232624054, -1.4449501037597656], [-6.147000312805176, -1.6579500436782837, -1.456950068473816], [-8.29995059967041, -1.9290001392364502, 0.46695002913475037], [-10.476000785827637, -0.7060500383377075, 0.1579500138759613], [-9.57300090789795, -0.286950021982193, -0.8130000233650208], [-8.596050262451172, -0.226950004696846, -0.26205000281333923], [-8.683050155639648, 0.4330500066280365, -0.4510500133037567], [-8.848050117492676, 0.9499500393867493, -1.287000060081482], [-8.898000717163086, 1.6900501251220703, -1.8160500526428223], [-9.298050880432129, 2.6260502338409424, -1.9500000476837158], [-9.364950180053711, 2.574000120162964, -1.9639500379562378], [-9.364950180053711, 1.8550500869750977, -1.5139501094818115], [-9.862950325012207, 2.020050048828125, -0.6019500494003296], [-9.856050491333008, 1.9969501495361328, -0.3750000298023224], [-9.67905044555664, 1.738050103187561, -0.3840000033378601], [-9.025050163269043, 0.687000036239624, -0.3360000252723694], [-8.589000701904297, 1.1509500741958618, -0.3720000088214874], [-8.992050170898438, 2.0560500621795654, -1.7370001077651978], [-9.295950889587402, 2.0059502124786377, -2.107950210571289], [-9.72195053100586, 1.2280501127243042, -0.9679500460624695], [-9.56100082397461, 0.19395001232624054, -0.14505000412464142], [-9.619050025939941, -0.3340500295162201, -0.07500000298023224], [-9.94005012512207, -0.12405000627040863, -0.08295000344514847], [-9.46095085144043, 1.6300500631332397, -1.0950000286102295], [-9.046950340270996, 2.8729500770568848, -1.8730500936508179], [-9.007950782775879, 3.2100000381469727, -1.4740500450134277], [-9.51300048828125, 2.688000202178955, -0.29295000433921814], [-8.800050735473633, 2.8030500411987305, -0.27195000648498535], [-7.966950416564941, 2.8849501609802246, -0.9370500445365906], [-8.707050323486328, 3.1579501628875732, -1.1050500869750977], [-10.117050170898438, 2.9760000705718994, -0.6619500517845154], [-10.359000205993652, 2.098950147628784, 0.31905001401901245], [-9.730950355529785, 1.7830500602722168, 0.08400000631809235], [-8.509950637817383, 2.1640501022338867, -1.6699501276016235], [-8.545949935913086, 3.4620001316070557, -3.0229501724243164], [-9.147000312805176, 4.570050239562988, -3.901050090789795], [-9.367050170898438, 5.122950077056885, -3.6910502910614014], [-8.874000549316406, 5.122950077056885, -4.465950012207031], [-8.245050430297852, 5.109000205993652, -6.32895040512085], [-8.32800006866455, 5.724000453948975, -8.37600040435791], [-8.98905086517334, 7.053000450134277, -11.419050216674805], [-8.830950736999512, 7.422000408172607, -14.148000717163086], [-11.047950744628906, 8.086950302124023, -13.926000595092773], [-14.974950790405273, 5.6260504722595215, -8.163000106811523], [-20.362051010131836, 2.0680501461029053, -2.845050096511841], [-22.441951751708984, 0.037950001657009125, -1.9620001316070557], [-19.5210018157959, -1.5390000343322754, -5.254050254821777], [-16.485000610351562, 0.25394999980926514, -6.577950477600098], [-14.314050674438477, 5.109000205993652, -7.372950553894043], [-12.532950401306152, 12.363000869750977, -5.608050346374512], [-12.657000541687012, 18.6070499420166, -0.7410000562667847], [-14.6850004196167, 12.712950706481934, -0.739050030708313], [-13.236001014709473, 8.347949981689453, -1.64805006980896], [-13.03800106048584, 5.233050346374512, -1.1119500398635864], [-10.392000198364258, 1.755000114440918, 1.0470000505447388], [-6.073050498962402, -2.0149500370025635, 6.598950386047363], [-1.4350500106811523, -8.518050193786621, 9.499950408935547], [-7.962000370025635, -1.5460500717163086, -9.982950210571289], [1.8220500946044922, -0.3559500277042389, 8.143050193786621], [0.3349500298500061, 4.13700008392334, -0.2550000250339508], [1.5799500942230225, 4.9009504318237305, 0.04800000041723251], [5.145000457763672, 6.660000324249268, 4.123050212860107], [3.091050148010254, 7.033950328826904, 0.8380500674247742], [-1.3590000867843628, 5.509050369262695, 3.160950183868408], [0.51705002784729, 6.418950080871582, 3.747000217437744], [2.521050214767456, 6.217950344085693, 2.6359500885009766], [4.219050407409668, 0.036000002175569534, 4.939950466156006], [0.7710000276565552, 1.5660001039505005, -1.7779500484466553], [2.01104998588562, 3.747000217437744, -1.158000111579895], [2.8060500621795654, 9.909000396728516, -3.4300501346588135], [3.787950277328491, 13.675050735473633, 1.8889501094818115], [-3.1470000743865967, 11.377050399780273, 5.731950283050537], [0.7300500273704529, 5.224050045013428, 3.06000018119812], [-0.11400000751018524, 9.829950332641602, 0.1969500035047531], [0.5749500393867493, 17.57805061340332, 1.4850000143051147], [-1.2490500211715698, 17.860950469970703, 7.225950241088867], [0.33000001311302185, 8.626049995422363, 3.301950216293335], [-1.6630500555038452, 5.028000354766846, 5.63100004196167], [-3.4080002307891846, 6.1050004959106445, 5.260050296783447], [0.7180500626564026, 10.22295093536377, 3.172950267791748], [2.8320000171661377, 13.410000801086426, 1.3890000581741333], [3.0930001735687256, 13.255950927734375, -0.6739500164985657], [3.132000207901001, 10.242000579833984, -0.597000002861023], [0.9100500345230103, 9.796950340270996, -2.496000051498413], [1.0849500894546509, 10.980000495910645, 3.4740002155303955], [0.6109500527381897, 10.642050743103027, 4.711950302124023], [0.325950026512146, 13.030950546264648, -0.3720000088214874], [-2.5489501953125, 10.065000534057617, 1.576050043106079], [-3.901050090789795, 8.892000198364258, -0.5640000104904175], [-1.9549500942230225, 10.588950157165527, -0.5760000348091125], [-1.9840500354766846, 9.933000564575195, -2.158050060272217], [-4.215000152587891, 9.61500072479248, -0.6310500502586365], [-5.9599504470825195, 8.278950691223145, 0.36195001006126404], [-4.870950222015381, 6.832950115203857, -2.368950128555298], [-3.2569501399993896, 8.221050262451172, -5.272950172424316], [-2.854950189590454, 9.792000770568848, -4.617000102996826], [-1.7560501098632812, 7.627950191497803, -2.8210501670837402], [-3.3700501918792725, 8.23799991607666, -0.3460500240325928], [-4.342050075531006, 8.296050071716309, -2.1130499839782715], [-4.300950050354004, 7.764000415802002, -3.6160502433776855], [-4.534049987792969, 7.783050537109375, -2.644050121307373], [-4.621950149536133, 7.800000190734863, -1.0639500617980957], [-5.56095027923584, 7.540950298309326, 0.42900002002716064], [-6.343950271606445, 7.884000301361084, -0.21195000410079956], [-6.0420002937316895, 8.386950492858887, -0.5879999995231628], [-7.324950218200684, 8.230950355529785, -1.2630000114440918], [-6.933000564575195, 7.43595027923584, -3.094050168991089], [-4.912050247192383, 7.503000259399414, -4.0980000495910645], [-3.954000234603882, 7.087050437927246, -4.869000434875488], [-3.05400013923645, 5.362950325012207, -3.652050256729126], [-4.026000022888184, 4.531949996948242, -3.1969501972198486], [-6.283950328826904, 5.19795036315918, -3.489000082015991], [-8.010000228881836, 6.66795015335083, -3.6499502658843994], [-8.563050270080566, 6.430950164794922, -2.742000102996826], [-7.62000036239624, 5.202000141143799, -1.2390000820159912], [-6.796050548553467, 4.060050010681152, -2.199000120162964], [-7.059000492095947, 3.7230002880096436, -2.6730000972747803], [-8.35004997253418, 4.882050037384033, -2.347050189971924], [-9.055950164794922, 5.6260504722595215, -2.089050054550171], [-8.452950477600098, 4.240050315856934, -2.1100502014160156], [-7.858950138092041, 3.076050043106079, -2.130000114440918], [-7.978950500488281, 2.521050214767456, -2.0429999828338623], [-8.175000190734863, 2.947050094604492, -2.0050501823425293], [-7.7149505615234375, 3.2320501804351807, -3.013050079345703], [-7.216950416564941, 3.007050037384033, -3.844050168991089], [-7.426050186157227, 3.778050184249878, -4.7220001220703125], [-7.750950336456299, 4.41195011138916, -3.7219502925872803], [-7.531050205230713, 3.1650002002716064, -2.455050230026245], [-7.792050361633301, 3.277050256729126, -3.5490002632141113], [-8.893050193786621, 7.069950103759766, -3.8200502395629883], [-9.20205020904541, 5.392050266265869, -2.577000141143799], [-8.170050621032715, 1.7950501441955566, -1.6579500436782837], [-8.641950607299805, 0.9220500588417053, -2.089050054550171], [-8.722949981689453, 1.5940500497817993, -4.6720499992370605], [-8.85300064086914, 2.6860501766204834, -4.773000240325928], [-9.466050148010254, 2.3869500160217285, -2.817000150680542], [-8.800050735473633, 4.069950103759766, -3.0390000343322754], [-8.82194995880127, 5.559000492095947, -4.605000019073486], [-8.07705020904541, 2.599950075149536, -2.994000196456909], [-6.9210004806518555, 0.20595000684261322, -4.168950080871582], [-7.689000129699707, 1.1010000705718994, -6.163950443267822], [-8.332950592041016, 4.3090500831604, -5.323050022125244], [-9.44895076751709, 6.016050338745117, -4.52400016784668], [-9.010950088500977, 3.0430500507354736, -3.4800002574920654], [-8.368950843811035, 0.7950000166893005, -3.0420000553131104], [-9.484950065612793, 0.37800002098083496, -2.5819501876831055], [-10.279950141906738, 0.45000001788139343, -2.338050127029419], [-10.657950401306152, 1.5510001182556152, -2.8429501056671143], [-10.632000923156738, 2.619000196456909, -2.4840002059936523], [-10.086000442504883, 2.5260000228881836, -1.9519500732421875], [-9.597000122070312, 2.302950143814087, -2.716050148010254], [-9.291000366210938, 2.052000045776367, -3.3190500736236572], [-9.27405071258545, 2.064000129699707, -2.557950019836426], [-8.88900089263916, 1.3549500703811646, -1.168950080871582], [-8.878950119018555, 0.32295000553131104, -0.934950053691864], [-9.982950210571289, -0.04005000367760658, -0.3910500109195709], [-10.51200008392334, 0.4639500081539154, 0.13695000112056732], [-9.207000732421875, 1.7880001068115234, -0.031950000673532486], [-7.737000465393066, 2.4630000591278076, -0.44895002245903015], [-7.291950225830078, 2.5540502071380615, -0.5809500217437744], [-7.873050212860107, 3.9240002632141113, -0.44895002245903015], [-9.327000617980957, 5.977950096130371, -2.107950210571289], [-9.346050262451172, 6.865950107574463, -2.1220500469207764], [-7.699050426483154, 5.703000068664551, -2.4190502166748047], [-6.375000476837158, 3.4710001945495605, -3.624000072479248], [-7.147950172424316, 2.061000108718872, -2.0629501342773438], [-8.697000503540039, 2.359950065612793, 0.23295001685619354], [-9.705000877380371, 3.8809502124786377, -0.0970500037074089], [-8.497950553894043, 4.048050403594971, -2.2680001258850098], [-7.504950523376465, 3.000000238418579, -3.3790502548217773], [-8.173049926757812, 3.9120001792907715, -3.682950258255005], [-9.25005054473877, 5.242950439453125, -3.1020002365112305], [-8.625, 4.82895040512085, -3.516000270843506], [-7.5960001945495605, 3.888000249862671, -3.3100502490997314], [-6.967950344085693, 3.6700501441955566, -3.1690502166748047], [-8.616000175476074, 4.120050430297852, -3.3700501918792725], [-10.252950668334961, 4.417050361633301, -2.244000196456909], [-9.669000625610352, 4.743000030517578, -0.6330000162124634], [-8.031000137329102, 4.1579999923706055, -1.384950041770935], [-7.945050239562988, 3.7129502296447754, -2.5440001487731934], [-9.418050765991211, 3.3010501861572266, -1.9309500455856323], [-10.171950340270996, 2.3479502201080322, -0.9250500202178955], [-9.991950035095215, 2.3010001182556152, -0.8059500455856323], [-8.556000709533691, 2.39205002784729, -0.9919500350952148], [-8.496000289916992, 2.2240500450134277, -0.42195001244544983], [-8.785950660705566, 2.4679501056671143, -0.7189500331878662], [-9.544950485229492, 3.9190502166748047, -1.9039500951766968], [-9.894000053405762, 5.0560503005981445, -3.1690502166748047], [-9.94005012512207, 4.633050441741943, -1.902000069618225], [-9.253050804138184, 3.378000259399414, -0.4420500099658966], [-8.212950706481934, 2.743950128555298, -0.6550500392913818], [-7.711050510406494, 2.8560001850128174, -1.3900500535964966], [-8.470050811767578, 3.415950059890747, -1.4449501037597656], [-10.21500015258789, 4.405050277709961, -1.2169500589370728], [-10.030950546264648, 4.570050239562988, -1.4689500331878662], [-8.292000770568848, 3.0210001468658447, -1.702950119972229], [-8.58495044708252, 1.9530000686645508, -0.2070000171661377], [-7.498050212860107, 1.1730000972747803, 0.10095000267028809], [-7.1700005531311035, 0.5029500126838684, -0.5299500226974487], [-10.540950775146484, 1.1820000410079956, -0.5760000348091125], [-11.659050941467285, 1.4989501237869263, -0.1469999998807907], [-9.466050148010254, 0.6199500560760498, 0.661050021648407], [-8.458050727844238, -0.6820500493049622, 1.984950065612793], [-9.540000915527344, -1.6489500999450684, 2.848950147628784], [-11.239950180053711, -0.5160000324249268, 3.388050079345703], [-11.173050880432129, 2.320050001144409, 1.297950029373169], [-11.221050262451172, 5.2099504470825195, -2.1700501441955566], [-10.444950103759766, 6.379950523376465, -2.4910500049591064], [-8.029050827026367, 4.627950191497803, -2.584050178527832], [-6.789000511169434, 3.3799500465393066, -2.467050075531006], [-8.34000015258789, 3.5050501823425293, -1.0950000286102295], [-9.508950233459473, 2.82705020904541, 0.7260000109672546], [-9.324000358581543, 2.382000207901001, 1.533000111579895], [-10.213050842285156, 2.6290500164031982, 1.9759501218795776], [-10.347000122070312, 4.048050403594971, 1.3000500202178955], [-8.230050086975098, 4.551000118255615, -0.1660500019788742], [-7.7989501953125, 4.194000244140625, -2.0940001010894775], [-10.359000205993652, 5.523000240325928, -3.2500500679016113], [-11.491050720214844, 7.125000476837158, -2.470050096511841], [-9.92805004119873, 4.204050064086914, -1.059000015258789], [-9.496950149536133, 0.6679500341415405, -0.4440000355243683], [-8.946000099182129, -1.117050051689148, -1.609950065612793], [-7.939950466156006, -0.9310500621795654, -2.527050018310547], [-7.615050315856934, 0.5910000205039978, -3.043950080871582], [-9.322050094604492, 0.4140000343322754, -2.1750001907348633], [-10.011000633239746, -0.8040000200271606, -1.5450000762939453], [-10.416000366210938, -1.951050043106079, -0.06300000101327896], [-9.94005012512207, -1.612950086593628, 0.18195000290870667], [-9.20895004272461, -0.28395000100135803, -1.2049500942230225], [-9.142050743103027, 1.0390501022338867, -2.31600022315979], [-8.96505069732666, 0.9379500150680542, -2.425950050354004], [-9.130050659179688, -0.38700002431869507, -1.9120501279830933], [-8.890950202941895, -1.4140501022338867, -0.778950035572052], [-9.130050659179688, -2.218950033187866, -1.384950041770935], [-9.475050926208496, -0.8640000224113464, -1.3039500713348389], [-9.472949981689453, 1.951050043106079, -1.5529500246047974], [-10.38705062866211, 2.608950138092041, -2.5630500316619873], [-10.80405044555664, 0.6799500584602356, -1.8730500936508179], [-9.444000244140625, -0.6720000505447388, -1.6150500774383545], [-8.893050193786621, -0.16695000231266022, -1.002000093460083], [-10.033050537109375, 1.165950059890747, 0.1770000010728836], [-9.802950859069824, 0.5290500521659851, -0.2670000195503235], [-8.893050193786621, -0.22905001044273376, -1.2580500841140747], [-7.9069504737854, 0.531000018119812, -2.0940001010894775], [-7.636050224304199, 0.831000030040741, -1.5979501008987427], [-9.171000480651855, 0.40005001425743103, -1.0900501012802124], [-9.69105052947998, -0.34200000762939453, -1.5739500522613525], [-9.571050643920898, 0.2970000207424164, -0.25200000405311584], [-9.255000114440918, 2.9160001277923584, -0.736050009727478], [-10.633950233459473, 3.166950225830078, -0.8560500144958496], [-11.122050285339355, -0.05895000323653221, 0.7860000133514404], [-10.20300006866455, -1.3380000591278076, 2.1859500408172607], [-9.706950187683105, 2.731950044631958, 0.6160500049591064], [-9.26400089263916, 5.812950134277344, -2.7139501571655273], [-8.83395004272461, 6.160050392150879, -2.6710500717163086], [-9.030000686645508, 2.887050151824951, 0.26100000739097595], [-10.231950759887695, -0.9709500670433044, 4.33905029296875], [-10.332000732421875, -0.05895000323653221, 3.1270501613616943], [-8.956050872802734, 3.6289501190185547, -0.5370000004768372], [-8.105999946594238, 6.378000259399414, -0.612000048160553], [-9.046950340270996, 5.490000247955322, -0.7549500465393066], [-11.03895092010498, 1.6849501132965088, 2.25600004196167], [-11.728050231933594, -2.458050012588501, 4.249950408935547], [-10.198050498962402, 0.27000001072883606, 1.7100000381469727], [-8.802000045776367, 3.3610501289367676, 0.5269500017166138], [-7.998000144958496, 4.728000164031982, -1.3729500770568848], [-7.629000186920166, 2.202000141143799, 0.7519500255584717], [-10.324950218200684, -1.8379501104354858, 3.9529502391815186], [-11.391000747680664, -2.659050226211548, 4.012950420379639], [-7.854000568389893, -1.0720500946044922, 1.6189501285552979], [-5.043000221252441, 3.1650002002716064, -0.17595000565052032], [-3.9280502796173096, 3.0979502201080322, 2.0689501762390137], [-7.04295015335083, 0.24900001287460327, 5.8090500831604], [-11.556000709533691, -2.179949998855591, 5.926050186157227], [-11.011950492858887, -0.9040500521659851, 3.453000068664551], [-6.457950115203857, 2.596950054168701, 0.5370000004768372], [-2.9580001831054688, 3.2100000381469727, 0.8020500540733337], [-6.901050090789795, 0.38805001974105835, 4.639950275421143], [-14.71605110168457, -0.4900500178337097, 6.355050086975098], [-14.962950706481934, 0.6820500493049622, 4.40595006942749], [-6.892050266265869, 0.7680000066757202, 2.0779500007629395], [-3.6310501098632812, 1.0530000925064087, 3.01200008392334], [-8.383049964904785, -0.8850000500679016, 6.778050422668457], [-14.320950508117676, -2.9700000286102295, 8.770050048828125], [-14.223000526428223, -1.171950101852417, 6.943050384521484], [-7.603050231933594, 0.9769500494003296, 1.915950059890747], [-3.451050281524658, 2.3869500160217285, 0.6420000195503235], [-6.910950183868408, 1.1989500522613525, 4.381950378417969], [-13.59795093536377, -0.13305000960826874, 7.695000171661377], [-14.209051132202148, 0.7800000309944153, 6.502950191497803], [-8.620050430297852, 1.276050090789795, 3.5650501251220703], [-6.073050498962402, 1.276050090789795, 2.7679500579833984], [-6.640050411224365, 0.2560500204563141, 3.510000228881836], [-9.925050735473633, 1.0339500904083252, 3.9030001163482666], [-11.572050094604492, 2.2360501289367676, 3.0390000343322754], [-11.392951011657715, 0.5119500160217285, 2.413950204849243], [-9.98805046081543, -2.419950008392334, 3.1150500774383545], [-9.327000617980957, -3.436950206756592, 3.1339502334594727], [-11.599050521850586, -0.34200000762939453, 1.7119500637054443], [-11.87700080871582, 3.4210500717163086, 1.01295006275177], [-10.942950248718262, 3.9649500846862793, 0.47700002789497375], [-9.868050575256348, 6.2820000648498535, -0.753000020980835], [-8.628000259399414, 8.736000061035156, -0.1469999998807907], [-7.564950466156006, 5.620950222015381, 0.3949500322341919], [-4.159950256347656, 1.336050033569336, -0.6360000371932983], [-4.975950241088867, 3.5430002212524414, -0.7000500559806824], [-6.928050518035889, 5.238000392913818, 0.3910500109195709], [-8.209050178527832, 2.887050151824951, 3.0430500507354736], [-8.608050346374512, 0.361050009727478, 4.819950103759766], [-8.589000701904297, -1.2390000820159912, 2.0590500831604004], [-8.922000885009766, 0.37800002098083496, -1.2769500017166138], [-10.354050636291504, 6.744000434875488, -2.824050188064575], [-8.343000411987305, 11.056050300598145, -2.7499501705169678], [-4.63200044631958, 9.483000755310059, -2.5440001487731934], [-2.854950189590454, 5.538000106811523, -2.089050054550171], [-4.561950206756592, 2.40405011177063, -1.633950114250183], [-8.797950744628906, 1.3090500831604004, -0.4900500178337097], [-13.758000373840332, 2.322000026702881, 1.141950011253357], [-13.045050621032715, 3.598050117492676, 1.7050501108169556], [-9.625950813293457, 4.915050029754639, 3.289950132369995], [-9.046950340270996, 4.612950325012207, 3.6660001277923584], [-9.802950859069824, 2.0970001220703125, 2.8399500846862793], [-12.421950340270996, 0.9120000600814819, 2.3269500732421875], [-12.609000205993652, 0.7519500255584717, 0.1489500105381012], [-11.485950469970703, 4.2109503746032715, -1.5529500246047974], [-10.948050498962402, 8.710050582885742, -2.7520501613616943], [-10.23705005645752, 11.116050720214844, -3.3030002117156982], [-8.197050094604492, 10.822050094604492, -4.7059502601623535], [-8.58495044708252, 10.837950706481934, -3.7480502128601074], [-11.635050773620605, 10.91295051574707, -1.1910001039505005], [-14.235000610351562, 9.01200008392334, 0.9289500713348389], [-11.950950622558594, 4.69005012512207, 1.0900501012802124], [-11.367000579833984, 3.7200002670288086, -1.3729500770568848], [-11.452950477600098, 6.423000335693359, -2.805000066757202], [-9.997050285339355, 8.800950050354004, -3.493950128555298], [-6.772050380706787, 9.688950538635254, -4.464000225067139], [-4.51200008392334, 9.531000137329102, -4.038000106811523], [-4.6080002784729, 8.57295036315918, -4.308000087738037], [-5.197050094604492, 6.840000152587891, -3.5329501628875732], [-4.450050354003906, 4.453050136566162, -3.097050189971924], [-3.0199501514434814, 2.839050054550171, -2.244000196456909], [-2.0789999961853027, 2.013000011444092, -3.7380001544952393], [-2.0839500427246094, 2.8369500637054443, -5.818950176239014], [-1.5889500379562378, 4.350000381469727, -4.882950305938721], [0.8520000576972961, 4.186950206756592, -5.211000442504883], [3.478950262069702, 3.430950164794922, -4.725000381469727], [4.120950222015381, 4.051050186157227, -2.3830502033233643], [-0.6690000295639038, 4.0819501876831055, -3.0420000553131104], [-2.5320000648498535, 4.276050090789795, -6.049050331115723], [-4.986000061035156, 6.445050239562988, -8.263050079345703], [-6.69795036315918, 9.61500072479248, -4.666950225830078], [-6.517950534820557, 9.493050575256348, -5.347050189971924], [-5.563050270080566, 8.454000473022461, -5.38800048828125], [-4.897050380706787, 7.891050338745117, -4.1170501708984375], [-3.703050136566162, 6.454950332641602, -5.308950424194336], [-3.078000068664551, 7.113000392913818, -5.7019500732421875], [-3.267000198364258, 9.61500072479248, -5.086050033569336], [-4.447050094604492, 9.555000305175781, -1.8019500970840454], [-4.605000019073486, 6.865950107574463, -4.450050354003906], [-5.125050067901611, 7.639950275421143, -6.220950126647949], [-5.047950267791748, 8.722050666809082, -6.904050350189209], [-5.16795015335083, 9.459000587463379, -5.8120503425598145], [-4.978950023651123, 7.836000442504883, -5.316000461578369], [-4.5, 5.57295036315918, -5.824050426483154], [-3.2479500770568848, 3.277050256729126, -5.500950336456299], [-2.6419501304626465, 2.3389501571655273, -6.604050159454346], [-3.5590500831604004, 5.619000434875488, -7.215000152587891], [-5.178000450134277, 9.130949974060059, -6.5370001792907715], [-6.085050106048584, 9.447000503540039, -5.544000148773193], [-6.753000259399414, 6.901950359344482, -4.537950038909912], [-6.151950359344482, 4.510050296783447, -3.873000144958496], [-5.464950084686279, 3.3520500659942627, -4.13100004196167], [-4.938000202178955, 4.812000274658203, -4.444950103759766], [-4.495050430297852, 5.81505012512207, -5.260950088500977], [-4.773000240325928, 6.522000312805176, -4.906949996948242], [-5.866950511932373, 7.089000225067139, -4.276950359344482], [-6.058950424194336, 6.382950305938721, -4.375050067901611], [-5.937000274658203, 5.254950046539307, -4.573950290679932], [-6.154050350189209, 4.228050231933594, -4.180950164794922], [-6.585000514984131, 3.835050106048584, -2.974950075149536], [-6.223950386047363, 4.39995002746582, -2.1919500827789307], [-6.19005012512207, 5.004000186920166, -3.68595027923584], [-6.796050548553467, 4.483950138092041, -3.9439501762390137], [-7.179000377655029, 3.955050230026245, -2.994000196456909], [-6.211950302124023, 4.732950210571289, -3.5880000591278076], [-5.034000396728516, 6.097950458526611, -4.636050224304199], [-6.454050540924072, 7.789950370788574, -3.882000207901001], [-9.159000396728516, 8.320050239562988, -2.8570501804351807], [-9.942000389099121, 5.889000415802002, -2.6130001544952393], [-9.42495059967041, 3.2989501953125, -0.9490500688552856], [-7.735050201416016, 2.8819501399993896, 0.325950026512146], [-6.384000301361084, 5.359950065612793, -1.3440001010894775], [-6.198000431060791, 7.788000583648682, -3.7860002517700195], [-6.5209503173828125, 8.797950744628906, -5.17995023727417], [-6.631050109863281, 7.278000354766846, -4.7059502601623535], [-5.956050395965576, 3.330000162124634, -3.6570000648498535], [-5.896050453186035, 0.1270500123500824, -2.009999990463257], [-8.023950576782227, -0.030000001192092896, -3.6979501247406006], [-7.555050373077393, 4.501049995422363, -4.083000183105469], [-7.351950168609619, 7.549050331115723, -3.3700501918792725], [-7.557000160217285, 5.830050468444824, -2.5990500450134277], [-8.725950241088867, 3.009000062942505, -1.4329500198364258], [-9.303000450134277, 2.1310501098632812, -1.2990000247955322], [-9.48705005645752, 3.9690001010894775, -0.8610000610351562], [-9.607050895690918, 4.294950008392334, -0.2569500207901001], [-7.998000144958496, 1.6210501194000244, -0.973050057888031], [-8.974950790405273, 1.3429501056671143, -1.0639500617980957], [-9.065999984741211, 4.138950347900391, -1.9950001239776611], [-8.830950736999512, 6.256050109863281, -3.892050266265869], [-8.782950401306152, 7.3810505867004395, -3.6670501232147217], [-7.882950305938721, 5.425050258636475, -3.3820502758026123], [-6.063000202178955, 3.0640501976013184, -4.026000022888184], [-5.062950134277344, 1.7479500770568848, -4.837050437927246], [-5.452950477600098, 3.639000177383423, -6.027000427246094], [-6.0199503898620605, 6.226950168609619, -7.1449503898620605], [-5.776050090789795, 7.3810505867004395, -5.38800048828125], [-5.47005033493042, 5.277000427246094, -4.762950420379639], [-5.842950344085693, 4.419000148773193, -5.247000217437744], [-7.234050273895264, 5.080050468444824, -6.442050457000732], [-7.70805025100708, 6.201000213623047, -6.904050350189209], [-7.111950397491455, 6.32295036315918, -6.139950275421143], [-6.853950500488281, 5.188050270080566, -5.529000282287598], [-7.809000492095947, 4.264050006866455, -5.496000289916992], [-8.604000091552734, 3.6820502281188965, -5.746950149536133], [-8.746950149536133, 4.138950347900391, -5.5819501876831055], [-7.984050273895264, 4.6210503578186035, -5.539050102233887], [-8.56095027923584, 5.265000343322754, -4.219950199127197], [-11.721000671386719, 4.612950325012207, -2.476950168609619], [-13.782000541687012, 1.8270001411437988, -2.130000114440918], [-11.812050819396973, 0.21000000834465027, -3.235950231552124], [-8.709000587463379, 4.981950283050537, -3.00600004196167], [-8.874000549316406, 10.242000579833984, -2.3430001735687256], [-8.640000343322754, 12.379950523376465, -2.187000036239624], [-8.527050018310547, 11.26200008392334, -6.1710004806518555], [-5.886000156402588, 7.036050319671631, -8.395050048828125], [-4.363950252532959, 3.9910502433776855, -11.223000526428223], [-4.014000415802002, 5.893950462341309, -9.967950820922852], [-5.034000396728516, 8.370000839233398, -6.913050174713135], [-6.523050308227539, 8.75100040435791, -4.320000171661377], [-6.504000186920166, 4.9270501136779785, -3.058950185775757], [-5.913000106811523, 0.8899500370025635, -5.16795015335083], [-6.307950496673584, -1.8330000638961792, -4.804050445556641], [-7.729950428009033, -2.745000123977661, -1.384950041770935], [-8.677950859069824, -3.1720502376556396, 3.4840502738952637], [-8.778000831604004, -4.510050296783447, 3.939000129699707], [-9.121050834655762, -5.563050270080566, 1.3579500913619995], [-9.793950080871582, 0.2850000262260437, 1.6360501050949097], [-10.657950401306152, 6.297000408172607, 2.1859500408172607], [-8.740050315856934, 9.105000495910645, 2.7870001792907715], [-9.058950424194336, 5.253000259399414, 1.8390001058578491], [-10.572000503540039, 1.7790000438690186, 1.0440000295639038], [-10.207950592041016, 1.081950068473816, 0.06300000101327896], [-9.657000541687012, 1.9969501495361328, -2.179949998855591], [-8.938950538635254, 2.1090002059936523, -3.6640501022338867], [-9.504000663757324, 1.7710500955581665, -3.364950180053711], [-10.420950889587402, 1.7260501384735107, -2.6539502143859863], [-10.258050918579102, 2.4439501762390137, -3.922950267791748], [-9.147000312805176, 3.4999501705169678, -5.220000267028809], [-9.091950416564941, 4.50600004196167, -5.814000129699707], [-9.169050216674805, 5.499000072479248, -6.03000020980835], [-8.709000587463379, 5.704950332641602, -7.210050106048584], [-8.227950096130371, 4.7310004234313965, -8.070000648498535], [-7.833000183105469, 3.3130502700805664, -8.12700080871582], [-7.750950336456299, 2.325000047683716, -7.4569501876831055], [-7.663050174713135, 1.7020500898361206, -7.335000514984131], [-7.617000579833984, 1.5780000686645508, -6.9970502853393555], [-8.055000305175781, 1.467000126838684, -6.5970001220703125], [-8.131950378417969, 1.3069500923156738, -6.391050338745117], [-8.031000137329102, 0.2179500162601471, -6.421950340270996], [-9.427050590515137, 0.5100000500679016, -4.725000381469727], [-11.922000885009766, 1.9060500860214233, -2.5200002193450928], [-12.063000679016113, 3.1740002632141113, -2.826000213623047], [-9.802950859069824, 3.976950168609619, -3.790950298309326], [-8.776050567626953, 4.840950012207031, -4.600050449371338], [-9.027000427246094, 5.94195032119751, -4.927950382232666], [-10.762950897216797, 5.128050327301025, -4.402050018310547], [-12.079950332641602, 2.212050199508667, -0.583050012588501], [-12.418050765991211, 0.009000000543892384, 1.8340500593185425], [-10.663050651550293, -1.7970000505447388, 0.15105000138282776], [-9.20895004272461, -2.218950033187866, -0.8029500246047974], [-8.773950576782227, 0.33705002069473267, 0.12195000797510147], [-8.782950401306152, 2.427000045776367, 0.6060000061988831], [-8.284950256347656, 3.20805025100708, 1.141950011253357], [-8.098050117492676, 4.019999980926514, 1.2910500764846802], [-6.817950248718262, 5.341050148010254, 0.13905000686645508], [-6.472950458526611, 6.306000232696533, 1.0630500316619873], [-6.727050304412842, 5.734050273895264, 1.336050033569336], [-6.6499505043029785, 4.920000076293945, 0.7020000219345093], [-5.881050109863281, 3.8329501152038574, 0.687000036239624], [-5.050950050354004, 3.4639501571655273, 0.687000036239624], [-4.941000461578369, 4.683000087738037, -0.40800002217292786], [-5.296950340270996, 6.591000080108643, -1.0810500383377075], [-5.8120503425598145, 9.378000259399414, -1.117050051689148], [-5.323950290679932, 10.885950088500977, -0.5610000491142273], [-5.034000396728516, 9.201000213623047, -0.15900000929832458], [-5.695050239562988, 6.553050518035889, 0.8449500203132629], [-6.087000370025635, 6.057000160217285, -0.04200000315904617], [-5.605950355529785, 6.538050174713135, -1.579050064086914], [-5.371950149536133, 7.003050327301025, -2.625000238418579], [-6.21405029296875, 8.278950691223145, -3.1690502166748047], [-6.60705041885376, 9.295950889587402, -2.797950029373169], [-7.131000518798828, 9.157950401306152, -3.5209500789642334], [-7.25100040435791, 8.152050018310547, -2.886000156402588], [-7.569000244140625, 7.407000541687012, -3.0199501514434814], [-7.854000568389893, 7.687950134277344, -3.8080501556396484], [-7.675050258636475, 8.383950233459473, -4.275000095367432], [-8.280000686645508, 7.965000152587891, -4.44195032119751], [-9.370050430297852, 7.024050235748291, -3.375000238418579], [-11.010000228881836, 6.69195032119751, -3.5520002841949463], [-11.280000686645508, 8.065950393676758, -4.5360002517700195], [-6.7669501304626465, 6.462000370025635, -1.3369500637054443], [-2.5030500888824463, 3.5050501823425293, 1.3510500192642212], [0.3660000264644623, 3.2530500888824463, 1.4800500869750977], [-0.48000001907348633, 5.020050048828125, -0.4030500054359436], [1.599000096321106, 6.787050247192383, -4.051949977874756], [-2.5540502071380615, 8.038949966430664, -1.9480501413345337], [-7.1770501136779785, 4.587000370025635, 0.9079500436782837], [-7.318050384521484, 1.258950114250183, -1.0279500484466553], [-5.965050220489502, 0.4429500102996826, -5.374050140380859], [-4.669950008392334, 2.4079501628875732, -7.573950290679932], [-4.255949974060059, 7.383000373840332, -7.2870001792907715], [-7.782000541687012, 13.369050979614258, -6.22605037689209], [-7.881000518798828, 13.462050437927246, -6.204000473022461], [-5.977050304412842, 6.2989501953125, -8.529000282287598], [-6.88200044631958, 4.422000408172607, -8.175000190734863], [-8.709000587463379, 3.955050230026245, -6.0199503898620605], [-11.644050598144531, 0.742050051689148, 0.7660500407218933], [-16.471050262451172, 1.2300000190734863, 2.2510499954223633], [-12.516000747680664, 9.481050491333008, -3.580050230026245], [-8.517000198364258, 13.671000480651855, -3.444000244140625], [-6.379050254821777, 9.130949974060059, -2.9599502086639404], [-7.3750505447387695, 4.029000282287598, -5.119950294494629], [-7.024050235748291, 3.4860000610351562, -4.5960001945495605], [-5.118000030517578, 1.4580000638961792, -4.699050426483154], [-3.4009501934051514, 0.009000000543892384, -6.658950328826904], [-4.04295015335083, 3.427950143814087, -6.2310004234313965], [-8.37600040435791, 9.772950172424316, -5.230050086975098], [-9.79800033569336, 13.857000350952148, -6.195000171661377], [-6.901050090789795, 9.792000770568848, -6.682950496673584], [-4.351950168609619, 5.19795036315918, -5.206050395965576], [-3.994950294494629, 2.6170501708984375, -4.5169501304626465], [-5.968050479888916, 2.5660500526428223, -3.4489500522613525], [-8.242050170898438, 5.7270002365112305, -1.8450000286102295], [-9.628050804138184, 7.624950408935547, -3.862950086593628], [-9.655050277709961, 8.419950485229492, -4.82295036315918], [-8.809950828552246, 6.4830002784729, -4.7059502601623535], [-7.315950393676758, 3.7609500885009766, -3.991950273513794], [-6.195000171661377, 2.0250000953674316, -3.493950128555298], [-5.946000099182129, 1.4310001134872437, -4.141050338745117], [-6.585000514984131, 1.5490500926971436, -4.420950412750244], [-7.4160003662109375, 1.9729501008987427, -4.411050319671631], [-7.549950122833252, 2.205000162124634, -5.308950424194336], [-7.672050476074219, 2.7649500370025635, -6.0610504150390625], [-7.975950241088867, 2.949000120162964, -5.865000247955322], [-7.6650004386901855, 1.9369500875473022, -5.331000328063965], [-7.780050277709961, 0.9619500637054443, -4.617000102996826], [-8.082000732421875, 1.0150500535964966, -4.699050426483154], [-7.690950393676758, 1.8960001468658447, -4.998000144958496], [-6.942000389099121, 1.7239500284194946, -5.356950283050537], [-6.39900016784668, 0.9619500637054443, -5.53695011138916], [-7.1670002937316895, 2.200050115585327, -5.713950157165527], [-9.097050666809082, 4.953000068664551, -6.370050430297852], [-9.082950592041016, 5.842050075531006, -4.581000328063965], [-7.492950439453125, 2.845950126647949, -3.7549502849578857], [-6.778950214385986, 0.40905001759529114, -4.6120500564575195], [-7.312950134277344, 0.6919500231742859, -6.034050464630127], [-7.294050216674805, 3.1840500831604004, -6.68595027923584], [-7.837950229644775, 4.498050212860107, -6.705000400543213], [-8.802000045776367, 3.589050054550171, -5.26800012588501], [-8.956050872802734, 0.843000054359436, -2.994000196456909], [-8.830950736999512, -0.04005000367760658, -3.652050256729126], [-9.688050270080566, 2.596950054168701, -4.335000038146973], [-9.109050750732422, 4.269000053405762, -4.42995023727417], [-8.13705062866211, 3.727950096130371, -4.42995023727417], [-8.260950088500977, 3.4429502487182617, -4.213050365447998], [-8.25195026397705, 3.1740002632141113, -4.3660502433776855], [-7.713000297546387, 2.389050006866455, -4.642950057983398], [-6.721950531005859, 1.333050012588501, -5.158050060272217], [-6.229050159454346, 1.0320000648498535, -5.227950096130371], [-6.265050411224365, 2.0179500579833984, -5.290050029754639], [-6.705000400543213, 3.5220000743865967, -5.512950420379639], [-7.792050361633301, 4.000050067901611, -5.665950298309326], [-9.09000015258789, 3.2029502391815186, -4.234050273895264], [-8.443050384521484, 1.3210500478744507, -2.908050060272217], [-6.849000453948975, 0.4429500102996826, -3.2400002479553223], [-6.552000522613525, 0.7639500498771667, -4.567049980163574], [-8.707050323486328, 2.0059502124786377, -4.9830002784729], [-10.27695083618164, 2.6290500164031982, -4.01894998550415], [-9.433950424194336, 2.2069501876831055, -3.5209500789642334], [-7.9069504737854, 2.619000196456909, -4.368000030517578], [-6.973050117492676, 3.579000234603882, -4.359000205993652], [-6.109050273895264, 2.8560001850128174, -4.260000228881836], [-6.9370503425598145, 2.170950174331665, -3.255000114440918], [-8.745000839233398, 2.0680501461029053, -3.2400002479553223], [-8.901000022888184, 2.1570000648498535, -2.625000238418579], [-6.516000270843506, 2.16195011138916, -3.7770001888275146], [-5.968050479888916, 4.35705041885376, -6.59505033493042], [-8.92905044555664, 7.017000198364258, -7.630950450897217], [-11.059950828552246, 5.377050399780273, -3.3790502548217773], [-9.98805046081543, -0.0499500036239624, -2.01705002784729], [-9.348000526428223, -0.9160500168800354, -2.7900002002716064], [-12.223950386047363, 3.4830002784729004, -1.918950080871582], [-20.17005157470703, 6.517050266265869, 0.3930000066757202], [-27.799951553344727, 4.884000301361084, 1.2499500513076782], [-19.051950454711914, -1.5319501161575317, -1.5619500875473022], [-10.653000831604004, 1.1490000486373901, -7.414050579071045], [-8.905050277709961, 10.795050621032715, -16.12095069885254], [-5.332950115203857, 18.11400032043457, -17.95800018310547], [-0.364950031042099, 17.068050384521484, -6.682950496673584], [-3.8970000743865967, 7.5010504722595215, -3.910950183868408], [-15.058051109313965, 11.916000366210938, -2.367000102996826], [-18.564001083374023, 18.757951736450195, -3.7669501304626465], [-13.224000930786133, 18.11400032043457, 0.534000039100647], [-11.314050674438477, 12.418050765991211, -2.662950038909912], [-11.733000755310059, 13.993950843811035, -7.813050270080566], [-12.316950798034668, 16.081951141357422, -7.962000370025635], [-11.872050285339355, 15.007050514221191, -4.387050151824951], [-11.143950462341309, 12.495000839233398, -8.152950286865234], [-10.38705062866211, 11.809950828552246, -8.764050483703613], [-9.837000846862793, 10.515000343322754, -9.24000072479248], [-8.02695083618164, 8.16195011138916, -7.849050521850586], [-6.277050495147705, 5.5570502281188965, -6.097050189971924], [-3.255000114440918, 1.9060500860214233, -4.878000259399414], [0.07695000618696213, -1.503000020980835, -2.0650501251220703], [2.083050012588501, -4.279950141906738, -0.8010000586509705], [2.5500001907348633, -5.697000503540039, -3.825000286102295], [3.309000253677368, -6.190950393676758, -2.686950206756592], [5.310000419616699, -6.59505033493042, -1.210050106048584], [7.422000408172607, -7.788000583648682, -2.1030001640319824], [8.397000312805176, -8.656949996948242, -3.829050064086914], [8.758049964904785, -8.107950210571289, -4.3560004234313965], [8.657999992370605, -6.648000240325928, -4.8919501304626465], [8.016000747680664, -3.658050060272217, -4.9360504150390625], [8.41604995727539, -1.6200001239776611, -5.989050388336182], [7.609050273895264, -0.8400000333786011, -4.52400016784668], [7.201950550079346, -2.4600000381469727, -2.6899502277374268], [6.318000316619873, -1.3300501108169556, -2.218050003051758], [4.594950199127197, 0.4240500330924988, -2.2829999923706055], [3.649050235748291, 1.3000500202178955, -0.7270500063896179], [2.1450002193450928, 3.3760502338409424, -1.2580500841140747], [0.6270000338554382, 7.9960503578186035, -2.9220001697540283], [1.5799500942230225, 19.13895034790039, -5.929050445556641], [-3.553950071334839, 38.320953369140625, -13.207950592041016], [0.9270000457763672, 24.76095199584961, -12.753000259399414], [4.70205020904541, 7.075050354003906, 0.4650000333786011], [4.132050037384033, -1.752000093460083, 6.7420501708984375], [2.7990000247955322, -1.5150001049041748, -1.2750000953674316], [4.51800012588501, 0.25095000863075256, -3.1930501461029053], [7.579950332641602, 6.433050155639648, -2.6110501289367676], [6.0769500732421875, 12.04995059967041, -9.063000679016113], [7.699950218200684, 14.01300048828125, -10.429950714111328], [7.7500505447387695, 9.201000213623047, -4.852050304412842], [3.9600002765655518, 6.160050392150879, -1.0110000371932983], [1.055999994277954, 4.834050178527832, 1.7149500846862793], [-0.34095001220703125, 5.061000347137451, -0.8460000157356262], [1.4410500526428223, 7.864950180053711, -4.854000091552734], [4.819950103759766, 10.527000427246094, -6.090000152587891], [7.020000457763672, 8.743050575256348, -7.180950164794922], [6.9150004386901855, 5.569050312042236, -4.348950386047363], [4.144050121307373, 5.6670002937316895, -1.7269500494003296], [2.7799501419067383, 5.57295036315918, -2.266050100326538], [2.3899500370025635, 6.358950138092041, -4.371000289916992], [4.258950233459473, 8.515950202941895, -5.058000087738037], [5.593050479888916, 10.350000381469727, -3.9439501762390137], [4.735949993133545, 9.0, -3.68595027923584], [3.5910000801086426, 6.499950408935547, -3.0079500675201416], [2.713050127029419, 6.498000144958496, -2.1559500694274902], [2.947050094604492, 7.864950180053711, -2.533950090408325], [3.6730501651763916, 9.390000343322754, -3.7699501514434814], [3.309000253677368, 9.670050621032715, -3.9370501041412354], [2.803950071334839, 7.612950325012207, -2.9100000858306885], [2.7060000896453857, 6.1650004386901855, -2.3519999980926514], [3.192000150680542, 6.1120500564575195, -2.5609500408172607], [3.309000253677368, 7.549050331115723, -2.7019500732421875], [2.950050115585327, 8.293050765991211, -3.889050245285034], [3.0960001945495605, 8.619000434875488, -4.081050395965576], [4.3120503425598145, 9.18600082397461, -2.994000196456909], [4.468050003051758, 9.057000160217285, -3.126000165939331], [3.7759501934051514, 7.410000324249268, -3.324000120162964], [4.281000137329102, 6.181950092315674, -3.003000259399414], [5.6170501708984375, 6.706050395965576, -3.5659501552581787], [6.2989501953125, 7.90500020980835, -4.210050106048584], [5.506950378417969, 9.261000633239746, -4.105050086975098], [3.9649500846862793, 9.190950393676758, -3.802950143814087], [3.132000207901001, 8.182950019836426, -3.9400501251220703], [3.9820501804351807, 7.2210001945495605, -3.942000150680542], [5.008950233459473, 6.5620503425598145, -4.375050067901611], [5.473050117492676, 5.190000057220459, -4.483050346374512], [6.13200044631958, 4.6180500984191895, -4.3030500411987305], [5.466000080108643, 7.467000484466553, -4.588050365447998], [4.165950298309326, 9.019050598144531, -5.520000457763672], [3.955050230026245, 8.535000801086426, -4.809000015258789], [4.234950065612793, 7.297050476074219, -4.078050136566162], [4.954050064086914, 6.672000408172607, -3.9780001640319824], [5.7370500564575195, 6.568950176239014, -4.714950084686279], [6.237000465393066, 6.997950553894043, -4.7220001220703125], [6.02400016784668, 7.872000217437744, -5.185050010681152], [5.233950138092041, 7.767000198364258, -4.909050464630127], [4.642050266265869, 7.198950290679932, -4.222050189971924], [5.229000091552734, 7.033950328826904, -4.785000324249268], [5.583000183105469, 7.407000541687012, -4.942950248718262], [4.932000160217285, 7.2300004959106445, -4.833000183105469], [4.674000263214111, 6.439950466156006, -4.657950401306152], [5.017950057983398, 6.694050312042236, -4.435050010681152], [5.4559502601623535, 7.2300004959106445, -4.948050022125244], [5.674050331115723, 7.680000305175781, -4.840050220489502], [5.289000034332275, 7.558050155639648, -4.699050426483154], [4.720950126647949, 6.634050369262695, -4.600050449371338], [4.53000020980835, 6.253050327301025, -3.9900002479553223], [5.2099504470825195, 5.980050086975098, -4.039950370788574], [5.743950366973877, 6.1650004386901855, -3.3510000705718994], [6.069000244140625, 6.586050510406494, -4.3560004234313965], [6.520050525665283, 7.189950466156006, -4.750950336456299], [6.273000240325928, 7.567950248718262, -4.734000205993652], [5.779950141906738, 6.892950534820557, -5.20395040512085], [6.373050212860107, 6.343950271606445, -5.350050449371338], [7.14900016784668, 6.250950336456299, -4.873050212860107], [7.342950344085693, 5.688000202178955, -5.319000244140625], [6.9940505027771, 5.080050468444824, -5.029050350189209], [6.772950172424316, 5.947050094604492, -4.279950141906738], [6.277950286865234, 6.9810004234313965, -5.1060004234313965], [5.539950370788574, 6.900000095367432, -4.975950241088867], [4.923000335693359, 6.418950080871582, -4.31505012512207], [5.254950046539307, 6.273000240325928, -4.171950340270996], [5.254950046539307, 6.567000389099121, -4.074000358581543], [4.786050319671631, 6.664950370788574, -4.203000068664551], [5.008950233459473, 7.125000476837158, -4.047000408172607], [5.535000324249268, 7.398000240325928, -4.074000358581543], [5.868000507354736, 7.024050235748291, -4.4760003089904785], [5.820000171661377, 6.687000274658203, -4.159950256347656], [5.9070000648498535, 6.433050155639648, -4.153050422668457], [6.0169501304626465, 6.474000453948975, -4.156949996948242], [5.9160003662109375, 6.604950428009033, -4.360949993133545], [5.800950050354004, 6.730050086975098, -4.509000301361084], [6.3349504470825195, 6.6409502029418945, -4.42995023727417], [6.268050193786621, 6.382950305938721, -4.335000038146973], [6.007050514221191, 6.4110002517700195, -4.543050289154053], [5.707950115203857, 6.744000434875488, -4.693950176239014], [5.722050189971924, 6.787050247192383, -4.963950157165527], [5.761050224304199, 6.3349504470825195, -4.387050151824951], [5.767950057983398, 5.971050262451172, -3.982950210571289], [5.605050086975098, 6.210000514984131, -4.260000228881836], [5.44005012512207, 6.658050537109375, -4.1860504150390625], [5.682000160217285, 6.748950481414795, -4.521000385284424], [5.698050498962402, 6.711000442504883, -4.3630499839782715], [5.671950340270996, 6.198000431060791, -4.31505012512207], [5.779950141906738, 6.2989501953125, -4.432950019836426], [6.03795051574707, 6.459000110626221, -4.693950176239014], [6.190950393676758, 6.474000453948975, -4.465950012207031], [6.1459503173828125, 6.201000213623047, -4.427999973297119], [6.045000076293945, 6.430950164794922, -4.404000282287598], [6.22005033493042, 6.69195032119751, -4.6120500564575195], [6.141000270843506, 6.663000106811523, -4.675050258636475], [6.168000221252441, 6.121950149536133, -4.497000217437744], [6.175050258636475, 6.154950141906738, -4.468950271606445], [6.019050121307373, 6.57705020904541, -4.561950206756592], [5.8470001220703125, 6.646050453186035, -4.82295036315918], [5.8969502449035645, 6.579000473022461, -4.609950065612793], [6.073950290679932, 6.325050354003906, -4.375050067901611], [5.980950355529785, 6.555000305175781, -4.651050090789795], [6.001950263977051, 6.57705020904541, -4.909050464630127], [5.895000457763672, 6.415950298309326, -4.408950328826904], [5.868000507354736, 6.402000427246094, -4.282050132751465], [5.9160003662109375, 6.676950454711914, -4.2270002365112305], [5.836950302124023, 6.760950088500977, -4.110000133514404], [5.775000095367432, 6.6250505447387695, -4.129050254821777], [5.839950084686279, 6.586050510406494, -4.141050338745117], [5.716950416564941, 6.70395040512085, -4.215000152587891], [5.599950313568115, 6.462000370025635, -4.138050079345703], [5.466000080108643, 6.2820000648498535, -3.982950210571289], [5.454000473022461, 6.297000408172607, -4.071000099182129], [5.446950435638428, 6.304050445556641, -3.949050188064575], [5.293950080871582, 6.193950176239014, -4.006950378417969], [5.016000270843506, 6.129000186920166, -3.9400501251220703], [5.065950393676758, 5.977950096130371, -3.745950222015381], [4.969950199127197, 5.995050430297852, -3.513000249862671], [4.981950283050537, 6.093000411987305, -3.8050501346588135], [4.827000141143799, 6.153000354766846, -4.047000408172607], [5.047050476074219, 5.4970502853393555, -3.561000108718872], [5.0590500831604, 4.897950172424316, -3.2980501651763916], [4.377000331878662, 6.150000095367432, -3.922950267791748], [4.876950263977051, 7.603950500488281, -5.110050201416016], [5.277000427246094, 6.358950138092041, -4.492950439453125], [5.467950344085693, 4.278000354766846, -1.9999500513076782], [6.4960503578186035, 4.422000408172607, -1.7010000944137573], [7.7500505447387695, 6.51900053024292, -3.636000156402588], [8.368050575256348, 9.486000061035156, -4.605000019073486], [10.020000457763672, 8.29800033569336, -2.8980002403259277], [12.05505084991455, 7.350000381469727, 0.7930500507354736], [14.965950965881348, 9.756000518798828, 3.400050163269043], [16.387950897216797, 11.31705093383789, 3.4170000553131104], [15.736950874328613, 9.562050819396973, 0.7380000352859497], [13.482000350952148, 9.529050827026367, -3.394050121307373], [8.689050674438477, 10.081950187683105, -7.0570502281188965], [4.398000240325928, 9.672000885009766, -8.733000755310059], [-0.8299500346183777, 10.18695068359375, -10.54800033569336], [-3.576000213623047, 8.704950332641602, -10.06605052947998], [-5.380950450897217, 6.001950263977051, -8.596050262451172], [-4.110000133514404, 5.212050437927246, -3.90405011177063], [-3.384000062942505, 5.2860002517700195, -2.0429999828338623], [-4.411050319671631, 5.679000377655029, -5.773950099945068], [-0.8230500221252441, 5.782050132751465, -3.553950071334839], [2.701050043106079, 7.941000461578369, -1.0330500602722168], [13.659000396728516, 5.635950088500977, -4.6120500564575195], [16.45800018310547, -2.5159502029418945, -7.078050136566162], [15.04800033569336, -8.796000480651855, -4.078050136566162], [9.895050048828125, -11.331000328063965, 1.516050100326538], [6.13200044631958, -10.321050643920898, 6.438000202178955], [1.4989501237869263, -8.499000549316406, 2.9830501079559326], [-2.700000047683716, -8.946000099182129, 3.582000255584717], [-7.035000324249268, -10.888050079345703, 0.9439500570297241], [-9.877050399780273, -8.994000434875488, 0.48405003547668457], [-10.432950019836426, -4.5, 7.369950294494629], [-10.84005069732666, -2.8440001010894775, 3.370950222015381], [-11.605950355529785, -1.3159500360488892, 0.13199999928474426], [-10.55505084991455, 0.814050018787384, 1.3720500469207764], [-7.5360002517700195, 1.4650501012802124, 0.49605002999305725], [-5.119950294494629, 1.6279500722885132, 0.6400500535964966], [-4.294050216674805, 2.3269500732421875, 1.5420000553131104], [-3.52305006980896, 2.63100004196167, 1.3530000448226929], [-2.3620500564575195, 2.1760501861572266, 0.3469500243663788], [-1.9120501279830933, 2.1379501819610596, -0.1469999998807907], [-2.5320000648498535, 2.992950201034546, 0.5509500503540039], [-3.466050148010254, 2.5690500736236572, -0.8890500664710999], [-2.5489501953125, 2.01104998588562, -2.244000196456909], [-1.4329500198364258, 1.53000009059906, -2.1319501399993896], [-0.7579500079154968, 1.450950026512146, -1.2370500564575195], [-0.17805001139640808, 1.4959501028060913, -0.8770500421524048], [-0.018000001087784767, 1.752000093460083, -0.6430500149726868], [-0.16695000231266022, 1.446000099182129, -0.38895002007484436], [0.036000002175569534, 1.7310000658035278, -0.22905001044273376], [-0.12300000339746475, 6.157950401306152, -1.9810501337051392], [0.4549500346183777, 4.894050121307373, -7.074000358581543], [1.5420000553131104, 4.015050411224365, -12.255000114440918], [2.3179500102996826, 0.8400000333786011, -5.539050102233887], [1.3069500923156738, -0.14805001020431519, -0.8100000619888306], [0.2350500077009201, 1.4959501028060913, 1.2360000610351562], [-18.492000579833984, 14.92500114440918, -9.171000480651855], [-78.28905487060547, 78.31200408935547, -78.45405578613281], [-66.25395202636719, 41.355003356933594, -4.714950084686279], [-74.94705200195312, -12.649950981140137, -9.870000839233398], [-27.702001571655273, -18.106950759887695, -1.3920000791549683], [-4.201050281524658, -13.942950248718262, -8.850000381469727], [-15.271950721740723, -12.058950424194336, 8.72504997253418], [-9.72705078125, -23.746952056884766, -44.098052978515625], [9.0, -5.640000343322754, -24.427051544189453], [25.270950317382812, 45.40800094604492, 3.007050037384033], [7.164000511169434, 43.0909538269043, 6.498000144958496], [-3.7699501514434814, 6.727050304412842, -0.5730000138282776], [-15.954000473022461, 6.6250505447387695, -4.77495002746582], [-18.382051467895508, 12.88800048828125, 0.24000000953674316], [-30.393001556396484, 15.133951187133789, 4.903950214385986], [-15.87195110321045, 8.695050239562988, -10.360950469970703], [-6.4110002517700195, 10.603950500488281, 0.37095001339912415], [-6.334050178527832, 11.01300048828125, -0.5110500454902649], [-8.9839506149292, 8.949000358581543, 2.02305006980896], [-11.604000091552734, 5.122950077056885, 3.109950065612793], [-10.696050643920898, 1.977000117301941, 0.09405000507831573], [-8.817000389099121, 0.9330000281333923, 0.3379500210285187], [-5.676000118255615, 1.1850000619888306, -0.3960000276565552], [-3.957000255584717, 1.636950135231018, -1.13100004196167], [-3.2260501384735107, 1.9609501361846924, -1.6030501127243042], [-3.1620001792907715, 2.4559500217437744, -1.311000108718872], [-2.8909502029418945, 2.5639500617980957, -0.8389500379562378], [-3.945000171661377, 3.7110002040863037, -1.0740000009536743], [-5.359950065612793, 5.704950332641602, -2.058000087738037], [-5.149050235748291, 6.568950176239014, -2.3140501976013184], [-5.209050178527832, 7.324050426483154, -3.68595027923584], [-6.718950271606445, 9.760950088500977, -5.829000473022461], [-7.584000587463379, 12.057000160217285, -5.793000221252441], [-6.508950233459473, 10.294950485229492, -3.9280502796173096], [-5.022000312805176, 8.29800033569336, -3.432000160217285], [-4.263000011444092, 7.635000228881836, -5.128950119018555], [-4.435050010681152, 6.985950469970703, -7.399050235748291], [-5.380950450897217, 6.69195032119751, -8.697000503540039], [-6.58305025100708, 6.367950439453125, -8.11500072479248], [-7.9170002937316895, 5.944950103759766, -6.5209503173828125], [-9.407999992370605, 5.323950290679932, -5.83305025100708], [-10.390050888061523, 4.501049995422363, -5.173050403594971], [-10.651050567626953, 3.5220000743865967, -4.368000030517578], [-9.868050575256348, 2.739000082015991, -4.33905029296875], [-9.004050254821777, 2.180999994277954, -4.699050426483154], [-8.09595012664795, 1.8409501314163208, -4.630950450897217], [-7.383000373840332, 1.3810501098632812, -4.603050231933594], [-7.504950523376465, 1.0720500946044922, -4.689000129699707], [-8.062950134277344, 1.6060501337051392, -4.102050304412842], [-7.962000370025635, 2.076000213623047, -2.9479501247406006], [-6.874950408935547, 1.6279500722885132, -1.8829500675201416], [-5.725950241088867, 1.336050033569336, -1.6530001163482666], [-4.360949993133545, 1.5970500707626343, -1.7179501056671143], [-3.4990501403808594, 2.703000068664551, -1.7820000648498535], [-3.8200502395629883, 3.687000274658203, -2.2519500255584717], [-5.041050434112549, 3.277050256729126, -2.7300000190734863], [-6.6910505294799805, 2.8339500427246094, -2.965050220489502], [-8.66100025177002, 2.683950185775757, -4.195950031280518], [-8.647050857543945, 2.3580000400543213, -4.213050365447998], [-7.1170501708984375, 1.446000099182129, -3.541950225830078], [-6.978000164031982, 0.18405000865459442, -3.3409502506256104], [-8.733000755310059, -0.6960000395774841, -2.6950502395629883], [-10.384950637817383, -2.061000108718872, -1.3990501165390015], [-11.862000465393066, -3.4830002784729004, -0.820050060749054], [-13.500000953674316, -3.9090001583099365, -1.495050072669983], [-13.243950843811035, -2.4720001220703125, -2.4379501342773438], [-11.568000793457031, -1.8880500793457031, -3.5680501461029053], [-11.07705020904541, -1.582050085067749, -4.099950313568115], [-10.938000679016113, -1.749000072479248, -3.1330502033233643], [-10.882950782775879, -2.6760001182556152, -1.8730500936508179], [-10.54995059967041, -3.6790502071380615, -0.28395000100135803], [-10.09005069732666, -4.4569501876831055, -0.30000001192092896], [-9.025050163269043, -4.351950168609619, -0.8100000619888306], [-7.513950347900391, -2.5200002193450928, -0.8580000400543213], [-6.715050220489502, -1.4620500802993774, -1.480950117111206], [-6.028050422668457, -1.01895010471344, -1.9399501085281372], [-5.7430500984191895, -1.2370500564575195, -2.2039501667022705], [-5.565000057220459, -1.5600000619888306, -2.307000160217285], [-6.265050411224365, -1.3570500612258911, -2.9820001125335693], [-7.52400016784668, -1.1650500297546387, -3.4579501152038574], [-9.493950843811035, -0.7249500155448914, -3.466050148010254], [-10.782000541687012, -0.9880500435829163, -2.874000072479248], [-10.58595085144043, -1.8160500526428223, -2.7019500732421875], [-10.593000411987305, -2.2450501918792725, -3.157050132751465], [-11.817000389099121, -2.3020501136779785, -3.475050210952759], [-12.394050598144531, -2.571000099182129, -3.2190001010894775], [-11.308950424194336, -2.9539501667022705, -3.223950147628784], [-10.21500015258789, -2.230950117111206, -2.826000213623047], [-9.68595027923584, -0.598050057888031, -2.1529500484466553], [-8.85300064086914, 0.26100000739097595, -1.9450501203536987], [-7.9860005378723145, 0.07605000585317612, -2.247000217437744], [-8.142000198364258, -0.21495001018047333, -2.4720001220703125], [-8.87700080871582, -0.3750000298023224, -2.236950159072876], [-8.770950317382812, -0.7890000343322754, -1.990950107574463], [-8.166000366210938, -1.3350000381469727, -2.328000068664551], [-8.644050598144531, -0.9109500646591187, -3.513000249862671], [-9.466050148010254, -0.7579500079154968, -2.0410501956939697], [-9.95205020904541, -2.110949993133545, -1.384950041770935], [-9.292950630187988, -3.318000078201294, -0.9610500335693359], [-9.682950019836426, -3.6499502658843994, -2.3430001735687256], [-10.01400089263916, -2.659050226211548, -2.5489501953125], [-9.66195011138916, -2.1439499855041504, -2.4810001850128174], [-9.44895076751709, -1.9069501161575317, -2.6830501556396484], [-9.327000617980957, -1.6030501127243042, -3.0919501781463623], [-8.781000137329102, -1.120050072669983, -2.8999500274658203], [-8.3860502243042, -0.8989500403404236, -2.737950086593628], [-8.565000534057617, -1.8570001125335693, -2.593950033187866], [-8.862000465393066, -2.949000120162964, -2.3910000324249268], [-8.782950401306152, -2.9610002040863037, -2.5920000076293945], [-8.749950408935547, -2.326050043106079, -2.746950149536133], [-8.496000289916992, -2.07705020904541, -2.4529500007629395], [-8.8410005569458, -2.07705020904541, -2.356950044631958], [-9.528000831604004, -2.2159500122070312, -2.2609500885009766], [-9.001049995422363, -2.3340001106262207, -2.7739500999450684], [-8.107950210571289, -2.4439501762390137, -3.6120002269744873], [-8.31195068359375, -2.4940500259399414, -3.9900002479553223], [-9.291000366210938, -2.257050037384033, -3.3480000495910645], [-9.99000072479248, -2.0080502033233643, -2.7400500774383545], [-10.009050369262695, -2.3839499950408936, -2.5320000648498535], [-8.872050285339355, -2.9200501441955566, -2.776050090789795], [-8.344950675964355, -3.100050210952759, -2.817000150680542], [-8.569950103759766, -3.069000244140625, -3.489000082015991], [-9.475050926208496, -2.2519500255584717, -3.5970001220703125], [-10.143000602722168, -1.3450500965118408, -2.308950185775757], [-9.463050842285156, -1.7920501232147217, -1.9480501413345337], [-8.266050338745117, -2.887050151824951, -2.2519500255584717], [-8.829000473022461, -3.5430002212524414, -1.842000126838684], [-9.418050765991211, -3.5929501056671143, -1.7749500274658203], [-8.82194995880127, -2.6520001888275146, -2.5960500240325928], [-8.07705020904541, -1.9170000553131104, -3.163950204849243], [-8.743050575256348, -1.8450000286102295, -2.7090001106262207], [-10.143000602722168, -2.341050148010254, -1.7010000944137573], [-10.210050582885742, -2.5950000286102295, -1.8610501289367676], [-8.659049987792969, -2.617950201034546, -3.504000186920166], [-8.695050239562988, -1.8000000715255737, -4.299000263214111], [-9.588000297546387, -1.443000078201294, -3.075000047683716], [-9.706950187683105, -2.1559500694274902, -2.364000082015991], [-9.481950759887695, -2.5630500316619873, -2.6509501934051514], [-9.241050720214844, -2.5230000019073486, -2.785950183868408], [-9.172950744628906, -2.338050127029419, -2.704050064086914], [-9.091950416564941, -2.121000051498413, -2.505000114440918], [-9.042000770568848, -2.0460000038146973, -2.4600000381469727], [-8.958000183105469, -2.1919500827789307, -2.3430001735687256], [-8.836050033569336, -2.227950096130371, -2.4049501419067383], [-8.86500072479248, -2.009999990463257, -2.407050132751465], [-9.097050666809082, -2.1349501609802246, -2.2729501724243164], [-9.171000480651855, -2.4130501747131348, -2.239950180053711], [-9.019950866699219, -2.4750001430511475, -2.2230000495910645], [-8.842950820922852, -2.247000217437744, -2.448000192642212], [-9.159000396728516, -1.9720500707626343, -2.5290000438690186], [-9.484950065612793, -2.0440499782562256, -2.3550000190734863], [-9.403050422668457, -2.371950149536133, -2.164950132369995], [-9.163949966430664, -2.4220499992370605, -2.2330501079559326], [-8.94105052947998, -2.2950000762939453, -2.4979500770568848], [-8.95995044708252, -2.1469500064849854, -2.674950122833252], [-9.169050216674805, -2.0370001792907715, -2.6539502143859863], [-9.159000396728516, -2.3050501346588135, -2.4310500621795654], [-9.243000030517578, -2.3239500522613525, -2.0820000171661377], [-9.328950881958008, -1.88100004196167, -2.164950132369995], [-9.115950584411621, -1.7779500484466553, -2.6830501556396484], [-8.94105052947998, -1.9480501413345337, -2.826000213623047], [-9.046950340270996, -2.032050132751465, -2.505000114440918], [-9.300000190734863, -2.152050018310547, -2.2609500885009766], [-9.166050910949707, -2.182950019836426, -2.2680001258850098], [-8.9839506149292, -2.2210500240325928, -2.308950185775757], [-9.324000358581543, -2.218950033187866, -2.050950050354004], [-9.597000122070312, -2.2669501304626465, -1.7440500259399414], [-9.247950553894043, -2.3140501976013184, -2.047950029373169], [-8.992050170898438, -2.2710001468658447, -2.470050096511841], [-9.145050048828125, -2.121000051498413, -2.4190502166748047], [-9.183000564575195, -1.9890000820159912, -2.30400013923645], [-9.229050636291504, -1.821000099182129, -2.31600022315979], [-9.199950218200684, -1.9360500574111938, -2.308950185775757], [-9.205050468444824, -2.0029501914978027, -2.179949998855591], [-9.10200023651123, -1.9620001316070557, -2.379000186920166], [-8.986950874328613, -2.0370001792907715, -2.5410001277923584], [-9.259950637817383, -2.1540000438690186, -2.395050048828125], [-9.304950714111328, -1.7899501323699951, -2.30400013923645], [-9.445950508117676, -1.4190000295639038, -2.356950044631958], [-9.348000526428223, -1.633950114250183, -2.2680001258850098], [-9.235950469970703, -1.9890000820159912, -2.3140501976013184], [-9.418050765991211, -1.8619500398635864, -2.307000160217285], [-9.351000785827637, -1.7470500469207764, -2.3590500354766846], [-9.007950782775879, -1.88100004196167, -2.5030500888824463], [-8.982000350952148, -2.020050048828125, -2.485950231552124], [-9.199950218200684, -1.9549500942230225, -2.4190502166748047], [-9.130050659179688, -2.0029501914978027, -2.413950204849243], [-9.065999984741211, -2.247000217437744, -2.5129501819610596], [-9.348000526428223, -2.2740001678466797, -2.476950168609619], [-9.472949981689453, -2.0250000953674316, -2.311950206756592], [-9.256950378417969, -1.998000144958496, -2.53695011138916], [-9.193050384521484, -2.370000123977661, -2.5510501861572266], [-9.291000366210938, -2.9130001068115234, -2.1700501441955566], [-9.015000343322754, -3.076050043106079, -2.086050033569336], [-8.677950859069824, -2.7690000534057617, -2.2759501934051514], [-8.6850004196167, -2.53695011138916, -2.338050127029419], [-8.884050369262695, -2.620950222015381, -2.413950204849243], [-9.205050468444824, -2.877000093460083, -2.307000160217285], [-9.135000228881836, -3.097050189971924, -2.227950096130371], [-8.893050193786621, -2.91795015335083, -2.4340500831604004], [-9.051000595092773, -2.6899502277374268, -2.3519999980926514], [-9.26205062866211, -2.638050079345703, -2.1940500736236572], [-9.115950584411621, -2.4720001220703125, -2.176950216293335], [-8.761950492858887, -2.4460501670837402, -2.4499502182006836], [-8.743050575256348, -2.5230000019073486, -2.662950038909912], [-9.268950462341309, -2.6299500465393066, -2.25600004196167], [-9.559050559997559, -2.889000177383423, -1.8540000915527344], [-9.367050170898438, -2.640000104904175, -2.284950017929077], [-9.340950012207031, -1.9339500665664673, -2.584050178527832], [-9.38700008392334, -1.64205002784729, -2.4000000953674316], [-9.031949996948242, -1.9530000686645508, -2.515050172805786], [-9.079950332641602, -2.0410501956939697, -2.6200501918792725], [-9.13800048828125, -1.8499500751495361, -2.6830501556396484], [-9.082950592041016, -1.9410001039505005, -2.545950174331665], [-9.043950080871582, -2.202000141143799, -2.2540500164031982], [-9.130050659179688, -2.4820501804351807, -2.1130499839782715], [-8.995950698852539, -2.6740500926971436, -2.3430001735687256], [-8.756999969482422, -2.877000093460083, -2.4529500007629395], [-8.901000022888184, -3.0610501766204834, -2.115000009536743], [-9.159000396728516, -3.1620001792907715, -2.0429999828338623], [-9.106050491333008, -3.145050048828125, -2.1750001907348633], [-8.87700080871582, -3.1279501914978027, -2.284950017929077], [-8.98905086517334, -3.0930001735687256, -1.9240500926971436], [-9.17805004119873, -3.207000255584717, -1.8160500526428223], [-9.169050216674805, -3.3319501876831055, -1.7370001077651978], [-9.154050827026367, -3.076050043106079, -1.8540000915527344], [-9.027000427246094, -2.7120001316070557, -2.259000062942505], [-8.85300064086914, -2.179949998855591, -2.470050096511841], [-9.061050415039062, -2.179949998855591, -2.4379501342773438], [-9.196950912475586, -2.431950092315674, -2.239950180053711], [-9.121050834655762, -2.4840002059936523, -2.0719501972198486], [-8.8410005569458, -2.4840002059936523, -2.4340500831604004], [-8.8410005569458, -2.6299500465393066, -2.25600004196167], [-9.085050582885742, -2.974950075149536, -1.927950143814087], [-9.098999977111816, -3.2479500770568848, -1.998000144958496], [-9.111000061035156, -3.1210501194000244, -1.9690500497817993], [-8.946000099182129, -2.9130001068115234, -1.9860000610351562], [-8.854949951171875, -2.688000202178955, -2.1820499897003174], [-8.890950202941895, -2.5159502029418945, -2.794950246810913], [-9.286050796508789, -2.845950126647949, -2.6950502395629883], [-9.718950271606445, -2.836050033569336, -1.9330500364303589], [-9.421950340270996, -2.6640000343322754, -2.0340001583099365], [-8.854949951171875, -2.6449501514434814, -2.6130001544952393], [-8.664000511169434, -2.575050115585327, -2.473950147628784], [-8.707050323486328, -2.419950008392334, -2.3620500564575195], [-8.958000183105469, -2.5540502071380615, -2.455050230026245], [-9.324000358581543, -2.7330000400543213, -2.224950075149536], [-9.420000076293945, -2.6020500659942627, -1.9090501070022583], [-9.061050415039062, -2.4409501552581787, -2.0530500411987305], [-8.793000221252441, -2.4409501552581787, -2.5920000076293945], [-9.098999977111816, -2.677950143814087, -2.5440001487731934], [-9.552000045776367, -2.8510501384735107, -2.050950050354004], [-9.407999992370605, -2.899050235748291, -1.8400501012802124], [-9.055950164794922, -2.82705020904541, -2.067000150680542], [-8.946000099182129, -2.4840002059936523, -2.335050106048584], [-8.817000389099121, -2.2330501079559326, -2.4600000381469727], [-8.97195053100586, -2.5159502029418945, -2.368950128555298], [-9.111000061035156, -2.6860501766204834, -2.2210500240325928], [-9.07800006866455, -2.4529500007629395, -2.2759501934051514], [-9.303000450134277, -2.257050037384033, -2.328000068664551], [-9.375, -2.5009500980377197, -2.2609500885009766], [-9.166050910949707, -2.5440001487731934, -2.3929500579833984], [-9.042000770568848, -2.2230000495910645, -2.5390501022338867], [-8.824049949645996, -1.981950044631958, -2.4720001220703125], [-8.734950065612793, -1.921950101852417, -2.5819501876831055], [-8.878950119018555, -2.070000171661377, -2.5990500450134277], [-9.267000198364258, -2.2069501876831055, -2.3550000190734863], [-9.348000526428223, -2.1469500064849854, -2.1630001068115234], [-9.20205020904541, -2.149049997329712, -2.3140501976013184], [-9.039000511169434, -2.269050121307373, -2.6710500717163086], [-8.956050872802734, -2.4100501537323, -2.7709500789642334], [-9.142050743103027, -2.338050127029419, -2.5440001487731934], [-9.42495059967041, -2.4870002269744873, -2.2710001468658447], [-9.43005084991455, -2.6230502128601074, -2.187000036239624], [-9.396000862121582, -2.4030001163482666, -2.158050060272217], [-9.312000274658203, -2.0250000953674316, -2.368950128555298], [-9.111000061035156, -2.1040501594543457, -2.5489501953125], [-8.842950820922852, -2.479950189590454, -2.496000051498413], [-8.938950538635254, -2.4529500007629395, -2.4379501342773438], [-9.171000480651855, -2.239950180053711, -2.3209500312805176], [-9.375, -2.1090002059936523, -2.3329501152038574], [-9.439050674438477, -2.0850000381469727, -2.218050003051758], [-9.439050674438477, -1.9669500589370728, -2.3590500354766846], [-9.324000358581543, -1.9309500455856323, -2.4100501537323], [-9.039000511169434, -1.9000500440597534, -2.4649500846862793], [-8.901000022888184, -1.8310500383377075, -2.4979500770568848], [-8.958000183105469, -1.9860000610351562, -2.3830502033233643], [-9.042000770568848, -2.1730501651763916, -2.4649500846862793], [-9.217050552368164, -2.0250000953674316, -2.386050224304199], [-9.370050430297852, -1.749000072479248, -2.4240000247955322], [-9.38700008392334, -1.599000096321106, -2.577000141143799], [-9.276000022888184, -1.6009501218795776, -2.593950033187866], [-9.070950508117676, -1.7710500955581665, -2.707050085067749], [-9.091950416564941, -1.951050043106079, -2.6110501289367676], [-9.300000190734863, -2.200050115585327, -2.428950071334839], [-9.207000732421875, -2.439000129699707, -2.30400013923645], [-9.292950630187988, -2.140050172805786, -2.299950122833252], [-9.43005084991455, -1.7830500602722168, -2.2729501724243164], [-9.172950744628906, -1.8360000848770142, -2.5200002193450928], [-9.187950134277344, -2.073000192642212, -2.545950174331665], [-9.310050010681152, -2.2210500240325928, -2.4619500637054443], [-9.231000900268555, -2.3170502185821533, -2.326050043106079], [-9.154050827026367, -2.4559500217437744, -2.0530500411987305], [-9.241050720214844, -2.31000018119812, -1.8780001401901245], [-9.172950744628906, -2.092050075531006, -2.0340001583099365], [-8.881050109863281, -1.864050030708313, -2.388000011444092], [-8.845050811767578, -1.7089500427246094, -2.584050178527832], [-8.836050033569336, -1.9099501371383667, -2.662950038909912], [-9.175950050354004, -1.921950101852417, -2.5030500888824463], [-9.23805046081543, -1.804050087928772, -2.5819501876831055], [-9.1399507522583, -1.7850000858306885, -2.6950502395629883], [-9.41100025177002, -1.8090001344680786, -2.4529500007629395], [-9.384000778198242, -2.0869500637054443, -2.4310500621795654], [-9.295950889587402, -2.269050121307373, -2.3910000324249268], [-9.27405071258545, -2.0370001792907715, -2.4619500637054443], [-9.118050575256348, -2.07705020904541, -2.5819501876831055], [-9.175950050354004, -2.2980000972747803, -2.376000165939331], [-9.22095012664795, -2.359950065612793, -2.328000068664551], [-9.217050552368164, -2.209050178527832, -2.2519500255584717], [-9.142050743103027, -2.0650501251220703, -2.3910000324249268], [-9.085050582885742, -1.9099501371383667, -2.48895001411438], [-9.172950744628906, -1.9030500650405884, -2.470050096511841], [-9.087000846862793, -2.1540000438690186, -2.5489501953125], [-9.187950134277344, -2.0940001010894775, -2.368950128555298], [-9.304950714111328, -2.0220000743865967, -2.2900500297546387], [-9.13800048828125, -1.9699500799179077, -2.5290000438690186], [-9.091950416564941, -1.9240500926971436, -2.556000232696533], [-9.187950134277344, -1.9860000610351562, -2.458050012588501], [-9.183000564575195, -1.9069501161575317, -2.4910500049591064], [-9.159000396728516, -1.981950044631958, -2.515050172805786], [-9.169050216674805, -2.1610500812530518, -2.455050230026245], [-9.25005054473877, -2.1469500064849854, -2.3590500354766846], [-9.256950378417969, -2.2210500240325928, -2.376000165939331], [-9.243000030517578, -2.2039501667022705, -2.3710501194000244], [-9.159000396728516, -2.0029501914978027, -2.386050224304199], [-9.10200023651123, -2.0749499797821045, -2.4190502166748047], [-9.187950134277344, -2.1760501861572266, -2.4220499992370605], [-9.271950721740723, -2.1130499839782715, -2.4049501419067383], [-9.15195083618164, -2.0680501461029053, -2.4430501461029053], [-9.111000061035156, -1.981950044631958, -2.4499502182006836], [-9.166050910949707, -1.9549500942230225, -2.350050210952759], [-9.133049964904785, -2.1730501651763916, -2.4430501461029053], [-9.145050048828125, -2.209050178527832, -2.476950168609619], [-9.199950218200684, -2.0869500637054443, -2.3809502124786377], [-9.279000282287598, -1.9099501371383667, -2.473950147628784], [-9.181050300598145, -2.0179500579833984, -2.4979500770568848], [-9.061050415039062, -2.1469500064849854, -2.517000198364258], [-9.065999984741211, -2.0440499782562256, -2.5129501819610596], [-9.229050636291504, -1.918950080871582, -2.3710501194000244], [-9.183000564575195, -2.0869500637054443, -2.4810001850128174], [-9.133049964904785, -2.1730501651763916, -2.6040000915527344], [-9.196950912475586, -2.050950050354004, -2.533950090408325]];[[-0.07864999771118164, 0.381012499332428, 1.007462501525879], [-0.017875000834465027, 0.4501749873161316, 1.0478874444961548], [-0.1223749965429306, 0.5003625154495239, 1.2034000158309937], [-0.2628999948501587, 0.29686251282691956, 0.9776250123977661], [-0.2032250016927719, -0.40837499499320984, 0.509987473487854], [-0.34814998507499695, -0.46488749980926514, 0.10944999754428864], [-0.37056249380111694, -0.04193750023841858, 0.43326249718666077], [-0.18411250412464142, 0.3628624975681305, 0.7752249836921692], [-0.15111249685287476, 0.6334624886512756, 0.630299985408783], [-0.342787504196167, 0.4076874852180481, -0.10257499665021896], [-0.5729625225067139, 0.6175125241279602, -0.3774375021457672], [-1.1449625492095947, -0.64267498254776, 0.46736249327659607], [-1.0852874517440796, -0.9388499855995178, 0.7570750117301941], [-0.5974375009536743, -0.40411248803138733, 1.1726000308990479], [0.30799999833106995, -0.6778749823570251, 0.6111875176429749], [0.5711749792098999, -0.46488749980926514, 0.30758750438690186], [0.14396250247955322, -0.3891249895095825, 0.2937000095844269], [-0.13612499833106995, -0.8760125041007996, 0.03272499889135361], [-0.1297999918460846, -0.4456374943256378, -0.3507624864578247], [0.040699999779462814, -0.31349998712539673, -0.5883625149726868], [0.3409999907016754, -0.3348124921321869, -0.6287875175476074], [0.45182499289512634, -0.39668750762939453, -0.6949250102043152], [0.4199250042438507, -0.5627874732017517, -0.8706499934196472], [0.3091000020503998, -0.7790749669075012, -1.09642493724823], [0.2451625019311905, -0.974049985408783, -1.4064874649047852], [0.23127499222755432, -1.2637624740600586, -1.601462483406067], [0.14822499454021454, -1.4257375001907349, -1.6802500486373901], [0.0705375000834465, -1.543987512588501, -1.7899750471115112], [0.029975000768899918, -1.5492124557495117, -1.9551124572753906], [0.13763749599456787, -1.6248375177383423, -2.1499500274658203], [0.33783748745918274, -1.7601374387741089, -2.2928125858306885], [0.4092000126838684, -1.8070249557495117, -2.294874906539917], [0.3656125068664551, -1.8059250116348267, -2.2596750259399414], [0.28888750076293945, -1.7984999418258667, -2.2129249572753906], [0.25905001163482666, -1.8496500253677368, -2.256512403488159], [0.34636250138282776, -1.9178500175476074, -2.350287437438965], [0.5072374939918518, -2.009424924850464, -2.425912380218506], [0.6158624887466431, -1.9476875066757202, -2.435537576675415], [0.6232874989509583, -1.868899941444397, -2.4205498695373535], [0.43793749809265137, -1.6302000284194946, -2.433337450027466], [0.00976249948143959, -1.2733875513076782, -2.477062463760376], [-0.571862518787384, -0.871749997138977, -2.5717999935150146], [-1.1225500106811523, -0.5394124984741211, -2.584587574005127], [-1.448562502861023, -0.2250874936580658, -2.5132250785827637], [-1.4815624952316284, -0.06435000151395798, -2.591049909591675], [-1.3708750009536743, 0.02419999986886978, -2.9884250164031982], [-1.2845250368118286, -0.11110000312328339, -3.4688498973846436], [-0.9862874746322632, 0.006049999967217445, -3.698887586593628], [-0.5601750016212463, 0.8305000066757202, -3.314300060272217], [-0.04028749838471413, 0.43216249346733093, -2.0700623989105225], [0.20047499239444733, -0.4797374904155731, -1.571624994277954], [0.13433749973773956, -0.7545999884605408, -1.9221124649047852], [-0.2714250087738037, -1.0773124694824219, -1.9050624370574951], [-0.4930749833583832, -0.854699969291687, -1.6035250425338745], [-0.5878124833106995, -0.6565625071525574, -1.427799940109253], [-0.5218124985694885, -0.4723125100135803, -1.230625033378601], [-0.4558124840259552, -0.1451999992132187, -1.0410125255584717], [-0.45471251010894775, 0.23498749732971191, -1.1998250484466553], [-0.25011250376701355, -0.06104999780654907, -1.1966625452041626], [0.057750001549720764, -0.17503750324249268, -0.8205999732017517], [0.20253749191761017, 0.22013749182224274, -0.504212498664856], [0.2217874974012375, 0.3788124918937683, -0.31776249408721924], [-0.14258749783039093, 0.0006874999962747097, -0.34966251254081726], [-0.36629998683929443, -0.3273875117301941, -0.490325003862381], [-0.4525125026702881, -0.49252501130104065, -0.47327500581741333], [-0.47808748483657837, -0.5746124982833862, -0.4721750020980835], [-0.5516499876976013, -0.24969999492168427, -0.7151374816894531], [-0.29919999837875366, -0.13144999742507935, -0.5542625188827515], [-0.08717499673366547, 0.05926249921321869, -0.15152500569820404], [0.03849999979138374, -0.17407499253749847, -0.08552499860525131], [0.196212500333786, -0.12498749792575836, 0.07108750194311142], [0.38142499327659607, 0.22220000624656677, 0.305525004863739], [0.3133625090122223, 0.22659999132156372, 0.32243749499320984], [0.005362499970942736, 0.008112499490380287, 0.12017499655485153], [-0.30236250162124634, 0.017737500369548798, 0.03904999792575836], [-0.5164499878883362, 0.08703749626874924, 0.0668250024318695], [-0.6676999926567078, 0.016637500375509262, -0.01952499896287918], [-0.7134875059127808, -0.142037495970726, -0.08552499860525131], [-0.7445625066757202, -0.15056249499320984, -0.10999999940395355], [-0.636900007724762, -0.1601874977350235, -0.07369999587535858], [-0.5347374677658081, -0.15812499821186066, -0.06531249731779099], [-0.39297500252723694, -0.15166249871253967, -0.10779999941587448], [-0.5282750129699707, -0.0919874981045723, -0.008799999952316284], [-0.7349374890327454, -0.016362499445676804, 0.060499999672174454], [-0.6710000038146973, -0.008937500417232513, 0.05829999968409538], [-0.37386250495910645, -0.10271249711513519, 0.05403750017285347], [-0.0541750006377697, -0.06104999780654907, 0.18287499248981476], [0.1662375032901764, 0.011274999938905239, 0.34375], [0.20350000262260437, 0.15619999170303345, 0.34595000743865967], [0.023512499406933784, 0.18603749573230743, 0.34168750047683716], [-0.23842500150203705, 0.11577499657869339, 0.2681249976158142], [-0.4281750023365021, -0.06641250103712082, 0.1722874939441681], [-0.5368000268936157, -0.05582499876618385, 0.07535000145435333], [-0.6700375080108643, 0.03368749842047691, 0.008249999955296516], [-0.8094624876976013, 0.13062499463558197, -0.027912499383091927], [-0.8713374733924866, 0.07204999774694443, 0.027499999850988388], [-0.7966749668121338, -0.171875, 0.047712501138448715], [-0.6965749859809875, -0.1835625022649765, -0.011962499469518661], [-0.8020374774932861, 0.026262499392032623, -0.13667500019073486], [-1.1141624450683594, 0.27871251106262207, -0.28462499380111694], [-1.5626875162124634, 0.3244999945163727, -0.3698749840259552], [-1.9962249994277954, 0.0635249987244606, -0.41786250472068787], [-2.414912462234497, 0.2424124926328659, -0.43271249532699585], [-2.911287546157837, 0.7431874871253967, -0.5190625190734863], [-3.4215500354766846, 1.1213124990463257, -0.5062749981880188], [-4.184262275695801, 1.1511499881744385, -0.16967499256134033], [-5.455174922943115, 1.6475249528884888, 0.2256374955177307], [-6.608799934387207, 2.5019500255584717, 1.0106250047683716], [-6.551324844360352, 2.6020500659942627, 2.0620875358581543], [-5.496699810028076, 2.5796375274658203, 3.0388875007629395], [-3.7177250385284424, 2.3922250270843506, 3.6536500453948975], [-2.4340250492095947, 2.0513625144958496, 4.07756233215332], [-1.8705500364303589, 1.6560499668121338, 4.8882622718811035], [-2.306149959564209, 1.634737491607666, 5.223762512207031], [-2.862337589263916, 1.4717999696731567, 5.185400009155273], [-2.6716248989105225, 1.5112625360488892, 4.902012348175049], [-2.680150032043457, 2.418762445449829, 5.132187366485596], [-3.0273375511169434, 1.4942125082015991, 4.982037544250488], [-2.312612533569336, 1.1639374494552612, 4.767812252044678], [-1.5552624464035034, 0.4916999936103821, 4.536674976348877], [-0.8350374698638916, -0.7312250137329102, 4.081824779510498], [-0.07878749817609787, -0.043037500232458115, 2.599025011062622], [-1.6904250383377075, 3.1293625831604004, 3.156174898147583], [-0.5219500064849854, 0.0826374962925911, 2.393325090408325], [-0.2502500116825104, -1.2563375234603882, 2.36252498626709], [-1.2622499465942383, -1.2392874956130981, 2.6522374153137207], [-0.5868499875068665, 0.7357624769210815, 1.9694124460220337], [-0.494174987077713, 0.9402250051498413, 0.9935749769210815], [-0.7104625105857849, 0.1434125006198883, 0.8795874714851379], [-0.7764624953269958, -0.3647874891757965, 0.7166500091552734], [-0.6997374892234802, -0.6320874691009521, 0.5281375050544739], [-0.18741250038146973, -0.8398500084877014, -0.2569875121116638], [0.38142499327659607, 0.5002250075340271, -0.2942500114440918], [0.3686375021934509, -0.3273875117301941, 0.03492499887943268], [-0.6294749975204468, 0.33838748931884766, -0.18988749384880066], [-1.2431374788284302, 0.27018749713897705, -1.4767500162124634], [-0.583549976348877, 0.44068750739097595, -0.7757750153541565], [-0.06283749639987946, 0.09968750178813934, -0.8684499859809875], [0.31542500853538513, 0.025162499397993088, -0.2527250051498413], [0.5849249958992004, 0.27445000410079956, 0.043449997901916504], [0.2876499891281128, 1.0414249897003174, 0.5121874809265137], [-0.8585500121116638, 0.4907374978065491, 0.013612499460577965], [-0.3396250009536743, -0.020624998956918716, -0.6148999929428101], [0.11728750169277191, -1.0049874782562256, -0.35708749294281006], [0.21422499418258667, -1.412950038909912, -0.42528748512268066], [0.010724999941885471, -1.195562481880188, -0.490325003862381], [-0.2639999985694885, -0.8046500086784363, -0.742775022983551], [-0.30250000953674316, -0.7418124675750732, -1.2860374450683594], [0.227012500166893, 0.5887749791145325, -1.5427500009536743], [1.8291624784469604, 2.006537437438965, -1.812387466430664], [3.228912591934204, 1.78392493724823, -2.175524950027466], [1.9155124425888062, 0.4470124840736389, -1.572587490081787], [1.5735499858856201, -0.035475000739097595, -1.555537462234497], [1.572450041770935, -0.3881624937057495, -1.6248375177383423], [1.8771499395370483, -1.0187374353408813, -1.7239749431610107], [1.8695875406265259, -0.5724124908447266, -1.7707250118255615], [1.5618624687194824, -0.6118749976158142, -1.6962000131607056], [1.4947625398635864, -1.1273624897003174, -1.3766499757766724], [1.480875015258789, -0.8483750224113464, -1.4383875131607056], [1.3381500244140625, -0.7684875130653381, -1.544950008392334], [1.2667875289916992, -0.9047499895095825, -1.0367499589920044], [0.9663500189781189, -0.4754749834537506, -1.261562466621399], [0.9972875118255615, -0.43505001068115234, -1.547012448310852], [1.0058125257492065, -0.43078750371932983, -1.5822124481201172], [0.8875625133514404, -0.1985500007867813, -1.6984000205993652], [0.8054749965667725, -0.13571250438690186, -1.7621999979019165], [0.8193625211715698, -0.17407499253749847, -1.8676625490188599], [1.0707124471664429, -0.2102375030517578, -1.7632999420166016], [1.397825002670288, 0.007149999961256981, -1.4320625066757202], [1.1943249702453613, -0.12182500213384628, -1.6024249792099], [1.048437476158142, -0.4339500069618225, -1.5512750148773193], [0.8140000104904175, -0.5149375200271606, -1.3329249620437622], [0.6223250031471252, -0.6906625032424927, -1.2604625225067139], [0.5157625079154968, -0.2901250123977661, -1.1336874961853027], [0.4039750099182129, 0.045375000685453415, -1.261562466621399], [0.25052499771118164, 0.2232999950647354, -1.6237374544143677], [-0.006187499966472387, 0.1999250054359436, -1.7697625160217285], [-0.25437501072883606, 0.09129999577999115, -1.703624963760376], [-0.3119874894618988, -0.007837500423192978, -1.4671249389648438], [-0.013612499460577965, -0.21133749186992645, -1.128462553024292], [0.31968748569488525, -0.04936249926686287, -0.8951249718666077], [0.2857249975204468, -0.07603749632835388, -0.9164375066757202], [0.08855000138282776, -0.10587500035762787, -1.0133750438690186], [-0.06476250290870667, -0.171875, -0.8802750110626221], [0.015124999918043613, -0.2591874897480011, -0.6736124753952026], [0.22811250388622284, -0.201712504029274, -0.605412483215332], [0.4006749987602234, -0.20803749561309814, -0.4988499879837036], [0.5402374863624573, -0.16981250047683716, -0.28476250171661377], [0.5945500135421753, -0.1527625024318695, -0.21546250581741333], [0.4529249966144562, -0.23897500336170197, -0.2730749845504761], [0.04592499881982803, -0.13571250438690186, -0.2932874858379364], [0.1013374999165535, 0.05609999969601631, -0.25066250562667847], [0.39861249923706055, -0.035475000739097595, -0.18562500178813934], [-0.02213750034570694, -0.002474999986588955, -0.3624500036239624], [-0.39297500252723694, 0.09446249902248383, -0.33797499537467957], [-0.23952500522136688, 0.05609999969601631, 0.0625625029206276], [0.018287500366568565, -0.03341250121593475, -0.07919999957084656], [0.08428750187158585, -0.14630000293254852, -0.14093749225139618], [-0.1297999918460846, 0.3011249899864197, 0.038087498396635056], [-0.036024998873472214, 0.2297624945640564, -0.195250004529953], [-0.1223749965429306, -0.21230000257492065, -0.21230000257492065], [-0.017875000834465027, 0.08057499676942825, -0.013062499463558197], [-0.09459999948740005, 0.06146249920129776, 0.15950000286102295], [-0.08607500046491623, -0.21230000257492065, 0.0518375001847744], [-0.1457500010728836, 0.05719999969005585, -0.45196250081062317], [-0.4600749909877777, 0.14767499268054962, -0.596887469291687], [-0.7796249985694885, -0.07177499681711197, -0.6352499723434448], [-1.0363374948501587, 0.054999999701976776, -0.6117374897003174], [-1.1310750246047974, -0.12072499841451645, -0.5702124834060669], [-1.0139249563217163, -0.0728750005364418, -0.688462495803833], [-0.7870500087738037, -0.1036750003695488, -0.6480374932289124], [-0.608162522315979, -0.3540624976158142, -0.6736124753952026], [-0.4525125026702881, -0.3423750102519989, -0.5841000080108643], [-0.1681624948978424, -0.5116375088691711, -0.30607500672340393], [-0.012649999931454659, -0.6000499725341797, -0.26551249623298645], [-0.10958749800920486, -0.5777750015258789, -0.35186249017715454], [-0.34072500467300415, -0.5746124982833862, -0.4115374982357025], [-0.5196124911308289, -0.6298875212669373, -0.408237487077713], [-0.4984374940395355, -0.7481374740600586, -0.38596248626708984], [-0.32477501034736633, -0.48826250433921814, -0.4690124988555908], [-0.2363625019788742, -0.5948249697685242, -0.4828999936580658], [-0.14891250431537628, -0.7140374779701233, -0.2964499890804291], [0.19304999709129333, -0.8046500086784363, 0.08813749998807907], [0.7138999700546265, -0.5064125061035156, 0.37674999237060547], [1.1378124952316284, -0.24117499589920044, 0.547249972820282], [1.313675045967102, -0.32848748564720154, 0.5131499767303467], [1.1442749500274658, -0.1909874975681305, 0.47795000672340393], [1.0058125257492065, -0.3731749951839447, 0.6367624998092651], [0.947237491607666, -0.3731749951839447, 0.8721625208854675], [0.7053750157356262, 0.08703749626874924, 0.6984999775886536], [0.7042750120162964, 0.10298749804496765, 0.306487500667572], [0.9802374839782715, -0.254925012588501, 0.16266250610351562], [1.2667875289916992, -0.23045000433921814, 0.34264999628067017], [1.3956249952316284, 0.040150001645088196, 0.5504124760627747], [1.3114750385284424, -0.1835625022649765, 0.42253750562667847], [1.1027499437332153, -0.15482500195503235, 0.23622499406337738], [0.9248250126838684, -0.16335000097751617, 0.35337498784065247], [0.7170624732971191, -0.2176624983549118, 0.3843125104904175], [0.5189250111579895, -0.16651250422000885, 0.3278000056743622], [0.454987496137619, 0.030524998903274536, 0.12319999933242798], [0.15991249680519104, 0.04331250116229057, -0.013062499463558197], [-0.08401250094175339, -0.16224999725818634, -0.1046374961733818], [-0.16499999165534973, -0.46158748865127563, -0.142037495970726], [-0.1266375035047531, -0.27527499198913574, -0.16967499256134033], [-0.15537500381469727, -0.0812624990940094, -0.201712504029274], [-0.10106249898672104, -0.1527625024318695, -0.1685750037431717], [0.14190000295639038, -0.2293500006198883, -0.10573749989271164], [0.4646124839782715, -0.3731749951839447, 0.011412499472498894], [0.7372750043869019, -0.47437500953674316, -0.04399999976158142], [0.956725001335144, -0.4776749908924103, -0.13667500019073486], [1.1240625381469727, -0.5542625188827515, -0.19841249287128448], [1.0729124546051025, -0.5766749978065491, -0.21546250581741333], [0.7011125087738037, -0.48083749413490295, -0.22714999318122864], [0.3975124955177307, -0.65972501039505, -0.2560249865055084], [0.3367374837398529, -0.7631250023841858, -0.3273875117301941], [0.35804998874664307, -0.64267498254776, -0.42102500796318054], [0.2974124848842621, -0.5181000232696533, -0.453062504529953], [0.19085000455379486, -0.2890250086784363, -0.40191251039505005], [-0.02969999983906746, -0.28476250171661377, -0.2782999873161316], [-0.2619374990463257, -0.3316499888896942, -0.08346249908208847], [-0.4376625120639801, -0.13571250438690186, -0.06311249732971191], [-0.5953750014305115, -0.1036750003695488, -0.08868750184774399], [-0.5814874768257141, -0.13241249322891235, -0.1387374997138977], [-0.6400625109672546, 0.13488750159740448, -0.21972499787807465], [-0.8370999693870544, 0.34154999256134033, -0.1344749927520752], [-0.940500020980835, 0.07315000146627426, 0.07218749821186066], [-0.7358999848365784, 0.1434125006198883, 0.17118750512599945], [-0.15853749215602875, 0.25203749537467957, 0.18287499248981476], [0.49334999918937683, 0.1775124967098236, 0.2073500007390976], [0.9311500191688538, 0.0635249987244606, 0.1956624984741211], [1.0899624824523926, -0.040837500244379044, 0.20845000445842743], [0.7490999698638916, 0.08167500048875809, 0.34375], [0.4464625120162964, -0.03231250122189522, 0.36506250500679016], [0.3889875113964081, -0.09515000134706497, 0.23622499406337738], [0.2952125072479248, 0.0411125011742115, 0.040150001645088196], [0.0193875003606081, 0.040150001645088196, -0.1344749927520752], [0.08112499862909317, -0.04729999974370003, -0.21119999885559082], [0.4890874922275543, -0.022687500342726707, -0.19841249287128448], [0.8342124819755554, 0.09982500225305557, -0.22192500531673431], [0.9140999913215637, -0.20061250030994415, -0.2975499927997589], [0.718162477016449, -0.23787499964237213, -0.4636499881744385], [0.43793749809265137, 0.14135000109672546, -0.7385125160217285], [0.1163249984383583, 0.28091248869895935, -0.8248624801635742], [-0.19483749568462372, -0.09308750182390213, -0.6650875210762024], [-0.2363625019788742, -0.00989999994635582, -0.6096749901771545], [0.05238749831914902, -0.007837500423192978, -0.6500999927520752], [0.28888750076293945, 0.02419999986886978, -0.6916249990463257], [0.2974124848842621, 0.05609999969601631, -0.6032124757766724], [0.2110625058412552, 0.20418749749660492, -0.5542625188827515], [0.08538749814033508, 0.1999250054359436, -0.38279998302459717], [0.10449999570846558, 0.1615625023841858, -0.27197501063346863], [0.3176249861717224, 0.047575000673532486, -0.20487499237060547], [0.6968500018119812, -0.1527625024318695, -0.13021250069141388], [0.8512625098228455, -0.27623748779296875, -0.022687500342726707], [0.5785999894142151, -0.18466250598430634, -0.018424998968839645], [0.41346248984336853, -0.1527625024318695, 0.010312499478459358], [0.4166249930858612, -0.22618749737739563, 0.07218749821186066], [0.559487521648407, -0.40094998478889465, 0.05403750017285347], [0.6403374671936035, -0.10793749988079071, -0.03863750025629997], [0.7895249724388123, -0.2975499927997589, -0.02474999986588955], [0.7895249724388123, -0.3870624899864197, 0.01251249946653843], [0.3293125033378601, -0.3338499963283539, 0.05719999969005585], [0.06833750009536743, -0.392425000667572, 0.011412499472498894], [0.196212500333786, -0.3529624938964844, -0.021587500348687172], [0.4039750099182129, -0.40191251039505005, 0.025299999862909317], [0.454025000333786, -0.47437500953674316, 0.10298749804496765], [0.4113999903202057, -0.521262526512146, 0.15523749589920044], [0.43367499113082886, -0.5106750130653381, 0.17971250414848328], [0.41346248984336853, -0.48606249690055847, 0.13598750531673431], [0.36024999618530273, -0.5064125061035156, 0.10615000128746033], [0.31542500853538513, -0.46915000677108765, 0.15729999542236328], [0.523187518119812, -0.40521249175071716, 0.20954999327659607], [0.7096375226974487, -0.5405125021934509, 0.2223374992609024], [0.5785999894142151, -0.48826250433921814, 0.18507499992847443], [0.11096250265836716, -0.5021499991416931, 0.05829999968409538], [0.42198750376701355, -0.6224625110626221, 0.07535000145435333], [1.2124749422073364, -0.6758124828338623, 0.17008750140666962], [1.4862375259399414, -0.7503374814987183, 0.20102499425411224], [0.8342124819755554, -0.5905625224113464, 0.08387500047683716], [-0.004124999977648258, -0.6000499725341797, -0.03231250122189522], [-0.053075000643730164, -0.5095750093460083, -0.008799999952316284], [0.7235249876976013, -0.7290250062942505, 0.009212499484419823], [1.3316874504089355, -0.7853999733924866, -0.06311249732971191], [0.9898625016212463, -0.7981874942779541, -0.11426249891519547], [0.26221248507499695, -0.7204999923706055, -0.18562500178813934], [-0.35557499527931213, -0.5201625227928162, -0.2143625020980835], [-0.27678748965263367, -0.6906625032424927, -0.22288750112056732], [0.35804998874664307, -0.6832374930381775, -0.24956250190734863], [0.6766374707221985, -0.8003875017166138, -0.0695749968290329], [0.25905001163482666, -0.7662875056266785, -0.15482500195503235], [-0.29067498445510864, -0.6289250254631042, -0.26977500319480896], [-0.38225001096725464, -0.5607249736785889, -0.16335000097751617], [-0.06806249916553497, -0.3348124921321869, -0.15152500569820404], [0.4507249891757965, -0.8131750226020813, -0.17820000648498535], [0.4390375018119812, -0.8493375182151794, -0.4008125066757202], [0.22605000436306, -0.633187472820282, -0.3188624978065491], [0.03423750028014183, -0.2634499967098236, -0.12168750166893005], [0.0672374963760376, -0.2699125111103058, -0.23045000433921814], [0.14079999923706055, -0.7694500088691711, -0.37097498774528503], [0.22384999692440033, -1.111412525177002, -0.6565625071525574], [0.30057498812675476, -0.7097749710083008, -0.202674999833107], [0.21848750114440918, -0.043037500232458115, 0.2532750070095062], [-0.021175000816583633, 0.13708749413490295, 0.0849749967455864], [-0.31831249594688416, -0.3040125072002411, -0.32945001125335693], [-0.32257500290870667, -0.7119749784469604, -0.254925012588501], [-0.1915374994277954, -0.4606249928474426, 0.023099999874830246], [-0.32999998331069946, 0.06778749823570251, 0.11151249706745148], [-0.36410000920295715, 0.08057499676942825, -0.057887498289346695], [-0.259737491607666, -0.5064125061035156, -0.30703750252723694], [-0.01691249944269657, -0.8813750147819519, -0.33797499537467957], [0.29631251096725464, -0.5277249813079834, 0.035887498408555984], [0.20157499611377716, 0.24351249635219574, 0.33838748931884766], [-0.06270000338554382, 0.5077875256538391, 0.15633749961853027], [-0.1681624948978424, -0.13144999742507935, -0.16651250422000885], [-0.1297999918460846, -0.8194999694824219, -0.1046374961733818], [-0.05623750016093254, -0.6747124791145325, 0.09446249902248383], [0.08112499862909317, -0.18892499804496765, 0.2723875045776367], [0.27390000224113464, 0.12209999561309814, 0.17861250042915344], [0.49334999918937683, 0.13282500207424164, 0.33096250891685486], [0.7682124972343445, 0.2872374951839447, 0.9222124814987183], [0.8886625170707703, 0.3139125108718872, 1.4250500202178955], [1.3381500244140625, 0.4204750061035156, 1.423949956893921], [2.125337600708008, 0.6036249995231628, 1.0297374725341797], [2.5664374828338623, 0.7112874984741211, 1.007462501525879], [2.79963755607605, 0.40658751130104065, 1.10013747215271], [2.2213125228881836, -0.05898749828338623, 0.822112500667572], [1.013237476348877, 0.14561249315738678, 0.4449499845504761], [0.27719998359680176, 0.32133749127388, 0.44811248779296875], [-0.026399999856948853, 0.7730249762535095, 0.6069250106811523], [-0.10312499850988388, 1.0371625423431396, 0.2777499854564667], [0.12911249697208405, 1.4367375373840332, 0.6324999928474426], [0.5168625116348267, 1.984262466430664, 1.267337441444397], [1.406350016593933, 2.260087490081787, 1.5976125001907349], [2.33736252784729, 2.3027124404907227, 1.3972749710083008], [2.60479998588562, 1.858449935913086, 0.8434249758720398], [2.218012571334839, 1.293874979019165, 0.07108750194311142], [1.3285249471664429, 0.6132500171661377, -0.3390749990940094], [0.196212500333786, 0.04963750019669533, -0.4721750020980835], [-0.6122875213623047, 0.2829749882221222, -0.3891249895095825], [-0.8285750150680542, 0.8634999990463257, -0.18892499804496765], [-0.6250749826431274, 1.4473249912261963, -0.0471624992787838], [-0.24268749356269836, 1.4707000255584717, -0.11219999939203262], [0.07906249910593033, 0.9285374879837036, -0.04399999976158142], [0.11948750168085098, 0.2915000021457672, 0.01993750035762787], [0.022549999877810478, 0.381012499332428, 0.0625625029206276], [-0.14685000479221344, 0.785812497138977, 0.44714999198913574], [0.048124998807907104, 0.6419875025749207, 0.6868125200271606], [0.6723750233650208, 0.39806249737739563, 0.6825500130653381], [0.9865624904632568, 0.09019999951124191, 0.1839749962091446], [0.9780374765396118, -0.20377500355243683, -0.4104374945163727], [0.7096375226974487, -0.3348124921321869, -0.18672500550746918], [0.6914874911308289, -0.14093749225139618, 0.5995000004768372], [0.6265875101089478, 0.27665001153945923, 1.0819875001907349], [0.5774999856948853, 0.7090874910354614, 1.3323750495910645], [0.8768374919891357, 0.8762875199317932, 1.7935500144958496], [1.446774959564209, 0.7623000144958496, 2.5445749759674072], [2.031562566757202, 0.4119499921798706, 2.903587579727173], [2.522712469100952, 0.7198125123977661, 3.1901373863220215], [2.7251124382019043, 0.7537750005722046, 3.4755873680114746], [2.55145001411438, 0.31171250343322754, 3.5182125568389893], [1.7802125215530396, 0.07204999774694443, 3.130462408065796], [1.0920250415802002, 0.17971250414848328, 2.6255624294281006], [0.5424374938011169, 0.17215000092983246, 2.5190000534057617], [0.35062500834465027, -0.2134000062942505, 2.572350025177002], [0.07686249911785126, -0.40617498755455017, 2.2644875049591064], [-0.09569999575614929, -0.5798375010490417, 1.6284124851226807], [-0.13832500576972961, -0.5788750052452087, 1.0010000467300415], [-0.007287499960511923, -0.443574994802475, 0.6910749673843384], [0.49018749594688416, -0.7173374891281128, 0.81454998254776], [0.6510624885559082, -0.7748125195503235, 0.8295375108718872], [0.5658124685287476, -0.633187472820282, 0.3959999978542328], [0.7607874870300293, -0.5511000156402588, -0.23897500336170197], [0.9674500226974487, 0.24777500331401825, -0.4189625084400177], [0.6318125128746033, 0.21271249651908875, -0.5286874771118164], [-0.04881250113248825, 0.2733500003814697, -0.5383124947547913], [-0.4610374867916107, -0.23471249639987946, -0.7034500241279602], [-1.0053999423980713, -0.14093749225139618, -0.891962468624115], [-1.182224988937378, -0.21876250207424164, -0.8269249796867371], [-0.5612750053405762, -0.31349998712539673, -0.4754749834537506], [0.05128749832510948, 0.12319999933242798, -0.15372499823570251], [0.5115000009536743, 0.09652499854564667, 0.2297624945640564], [0.7202249765396118, 0.0006874999962747097, 0.4353249967098236], [0.9706124663352966, -0.3188624978065491, 0.4609000086784363], [0.7565249800682068, 0.19346250593662262, 0.25107499957084656], [0.5871250033378601, -0.03341250121593475, 0.22123749554157257], [0.36451250314712524, -0.17503750324249268, 0.18713749945163727], [0.18342499434947968, -0.26881250739097595, -0.03657500073313713], [0.22921249270439148, -0.5340499877929688, -0.2293500006198883], [0.5700749754905701, -0.6193000078201294, -0.2793999910354614], [0.948199987411499, -0.8355875015258789, -0.4402749836444855], [0.8321499824523926, -0.5511000156402588, -0.7672500014305115], [0.44852501153945923, -0.3722124993801117, -1.0091124773025513], [0.06297499686479568, -0.2560249865055084, -0.9963250160217285], [-0.21285000443458557, -0.3572250008583069, -1.0346875190734863], [-0.17242500185966492, -0.6821374893188477, -1.0005874633789062], [-0.0658624991774559, -0.9644249677658081, -1.019700050354004], [-0.025437500327825546, -0.7268249988555908, -1.0591624975204468], [0.22068749368190765, -0.7193999886512756, -0.9601625204086304], [0.19085000455379486, -0.7225624918937683, -0.8780750036239624], [-0.13832500576972961, -0.550000011920929, -0.966487467288971], [-0.4515500068664551, -0.6767749786376953, -0.9153375029563904], [-0.6710000038146973, -0.7002875208854675, -0.8408125042915344], [-0.6795250177383423, -0.5138375163078308, -0.7864999771118164], [-0.563337504863739, -0.4499000012874603, -0.6830999851226807], [-0.36629998683929443, -0.5468375086784363, -0.49568748474121094], [-0.11811249703168869, -0.5181000232696533, -0.5053125023841858], [0.03849999979138374, -0.35186249017715454, -0.6309875249862671], [0.11948750168085098, -0.5286874771118164, -0.5883625149726868], [0.42941248416900635, -0.5777750015258789, -0.37523749470710754], [0.5295125246047974, -0.6172375082969666, -0.32202500104904175], [0.1471250057220459, -0.40727499127388, -0.6276875138282776], [-0.13420000672340393, -0.40521249175071716, -0.8386124968528748], [-0.12333749979734421, -0.6193000078201294, -0.6148999929428101], [-0.11178749799728394, -0.6428124904632568, -0.42102500796318054], [0.035337500274181366, -0.6395124793052673, -0.4456374943256378], [0.4431625008583069, -0.7258625030517578, -0.5031124949455261], [0.7011125087738037, -0.5181000232696533, -0.36038750410079956], [0.3389374911785126, -0.13241249322891235, -0.07067500054836273], [-0.20652499794960022, 0.2574000060558319, 0.23718750476837158], [-0.4643374979496002, 0.44165000319480896, 0.45883750915527344], [-0.3918749988079071, 0.4119499921798706, 0.30855000019073486], [0.004399999976158142, 0.2755500078201294, -0.10683749616146088], [0.06201250106096268, 0.3788124918937683, -0.12168750166893005], [-0.15757499635219574, 0.00494999997317791, -0.048262499272823334], [-0.6155874729156494, 0.11041250079870224, -0.015124999918043613], [-1.098212480545044, 0.4395875036716461, -0.16224999725818634], [-1.132312536239624, 0.2903999984264374, -0.17710000276565552], [-0.94159996509552, 0.1317249983549118, -0.10573749989271164], [-0.6443250179290771, 0.1999250054359436, 0.10944999754428864], [-0.4419249892234802, 0.24351249635219574, 0.22659999132156372], [-0.13420000672340393, 0.116737499833107, -0.19304999709129333], [0.46997499465942383, 0.035887498408555984, -0.028049999848008156], [0.7489625215530396, 0.11041250079870224, 0.42899999022483826], [0.5167250037193298, 0.29686251282691956, 0.6975374817848206], [0.4049375057220459, 0.20418749749660492, 0.8178499937057495], [0.3760625123977661, 0.1775124967098236, 0.9255124926567078], [0.5497249960899353, 0.2765125036239624, 0.7709624767303467], [0.7926874756813049, 0.23608750104904175, 0.5589374899864197], [0.7617499828338623, 0.16898749768733978, 0.39820000529289246], [0.3207874894142151, 0.1615625023841858, 0.31501248478889465], [0.014987500384449959, -0.07809999585151672, 0.20748749375343323], [-0.13626250624656677, 0.03904999792575836, 0.0775500014424324], [0.047987498342990875, 0.03162499889731407, 0.006187499966472387], [0.31322500109672546, 0.01979999989271164, 0.1691250056028366], [0.32394999265670776, -0.07603749632835388, 0.24158750474452972], [0.2110625058412552, -0.1260875016450882, 0.15950000286102295], [0.24186250567436218, -0.08346249908208847, 0.09033749997615814], [0.5189250111579895, -0.2932874858379364, 0.08387500047683716], [0.6308500170707703, -0.5170000195503235, -0.05252499878406525], [0.561412513256073, -0.7173374891281128, -0.21326249837875366], [0.4059000015258789, -0.7279250025749207, -0.23361249268054962], [0.3452624976634979, -0.5757125020027161, -0.2623499929904938], [0.38788750767707825, -0.7173374891281128, -0.29534998536109924], [0.35048750042915344, -1.2020249366760254, -0.6649500131607056], [0.16940000653266907, -1.6238750219345093, -1.297724962234497], [0.00013749999925494194, -1.6590750217437744, -1.6055874824523926], [-0.3343999981880188, -1.1977624893188477, -1.0782749652862549], [-0.13846249878406525, -0.443574994802475, -0.16651250422000885], [0.33563750982284546, 0.29782500863075256, 0.5110874772071838], [0.32394999265670776, -0.5010499954223633, 0.31831249594688416], [-0.5399624705314636, -0.8153749704360962, -0.5520625114440918], [-1.5690125226974487, -0.27623748779296875, -1.4394874572753906], [-2.5885748863220215, 0.0006874999962747097, -1.9720250368118286], [-3.5184874534606934, 0.37248748540878296, -2.0285375118255615], [-3.8231875896453857, 0.43738749623298645, -1.830399990081787], [-3.73903751373291, 0.4992625117301941, -1.8730249404907227], [-3.4247124195098877, 0.55673748254776, -1.9358625411987305], [-2.6034250259399414, 0.8123499751091003, -1.5395874977111816], [-1.0033375024795532, 0.8751875162124634, -0.734250009059906], [0.7372750043869019, 1.0328999757766724, -0.05884999781847], [1.5628249645233154, 1.2544125318527222, 0.16802500188350677], [1.870687484741211, 0.8134499788284302, 0.1531749963760376], [1.7620625495910645, 0.31597501039505005, 0.36726251244544983], [1.2538625001907349, 0.2946625053882599, 0.5665000081062317], [0.3484250009059906, 0.38733750581741333, 0.7891125082969666], [-0.41222500801086426, -0.10161250084638596, 0.5313000082969666], [-0.9011750221252441, -0.5010499954223633, 0.006187499966472387], [-1.316562533378601, -0.5894625186920166, -0.2666124999523163], [-1.7352499961853027, -0.4712125062942505, -0.40933749079704285], [-1.8268250226974487, -0.22302499413490295, -0.4338124990463257], [-1.4242249727249146, -0.28049999475479126, -0.3400374948978424], [-1.0524250268936157, -0.23471249639987946, -0.2623499929904938], [-1.0194250345230103, 0.016637500375509262, -0.26124998927116394], [-1.264449954032898, 0.2679874897003174, -0.28462499380111694], [-1.6735124588012695, 0.28613749146461487, -0.39544999599456787], [-2.240149974822998, 0.5407875180244446, -0.5787374973297119], [-2.8441874980926514, 0.8208749890327454, -0.6862624883651733], [-3.3385000228881836, 1.1692999601364136, -0.7906249761581421], [-3.6793625354766846, 1.2619750499725342, -0.8119375109672546], [-3.897712469100952, 1.4899499416351318, -0.7331500053405762], [-3.9062373638153076, 1.7487249374389648, -0.5935875177383423], [-3.7859249114990234, 2.0565874576568604, -0.37207499146461487], [-3.5216500759124756, 2.249500036239624, -0.0695749968290329], [-3.2265748977661133, 2.4380125999450684, 0.22769999504089355], [-2.800462484359741, 2.3506999015808105, 0.4119499921798706], [-2.5203750133514404, 1.882925033569336, 0.5600374937057495], [-2.806925058364868, 1.6230499744415283, 0.5983999967575073], [-3.4726998805999756, 1.6284124851226807, 0.6197124719619751], [-3.8667750358581543, 1.9468624591827393, 0.8573125004768372], [-4.0617499351501465, 1.7945125102996826, 0.9850500226020813], [-4.135312557220459, 1.6380374431610107, 0.9190499782562256], [-3.8497250080108643, 0.951912522315979, 0.9105250239372253], [-3.152050018310547, 0.0752125009894371, 1.060675024986267], [-2.553375005722046, 0.2457125037908554, 1.0628750324249268], [-2.0388500690460205, 0.9583749771118164, 0.9850500226020813], [-1.3208249807357788, 0.914650022983551, 1.0117249488830566], [-0.645425021648407, 0.4927999973297119, 1.1512874364852905], [-0.17572499811649323, 0.08167500048875809, 1.0927125215530396], [-0.05101250112056732, -0.5234624743461609, 1.044724941253662], [-0.7402999997138977, -1.1147124767303467, 0.5366625189781189], [-0.9905499815940857, -0.4606249928474426, 0.3044250011444092], [-0.45058751106262207, 0.4959625005722046, 0.335224986076355], [0.44110000133514404, 0.979687511920929, 0.35337498784065247], [0.7979124784469604, 0.5450500249862671, 0.44068750739097595], [0.903374969959259, -0.21559999883174896, 0.44068750739097595], [0.7095000147819519, -0.48826250433921814, 0.27994999289512634], [0.4740999937057495, -0.42006251215934753, 0.11261250078678131], [0.17366249859333038, -0.5746124982833862, 0.18301250040531158], [0.04372499883174896, -0.871749997138977, 0.28737500309944153], [0.16307500004768372, -0.6107749938964844, 0.297962486743927], [0.5039374828338623, -0.20391249656677246, 0.38747498393058777], [0.6329125165939331, -0.07493750005960464, 0.46309998631477356], [0.5422999858856201, 0.06668750196695328, 0.5249750018119812], [0.5306124687194824, 0.6366249918937683, 0.5324000120162964], [0.5784624814987183, 1.3396625518798828, 0.5537124872207642], [0.4954124987125397, 0.15936249494552612, 0.47382500767707825], [0.28558748960494995, -0.46172499656677246, 0.3470500111579895], [0.21422499418258667, -0.0035749999806284904, 0.0849749967455864], [0.1812250018119812, 0.002749999985098839, -0.17393749952316284], [0.3260124921798706, -0.36684998869895935, -0.20803749561309814], [0.5369374752044678, -0.18150000274181366, -0.27293750643730164], [0.7052375078201294, 0.18603749573230743, -0.40617498755455017], [1.0707124471664429, -0.07713750004768372, -0.5381749868392944], [1.5415124893188477, -0.1868624985218048, -0.5094375014305115], [1.722599983215332, -0.49994999170303345, -0.39338749647140503], [1.7748500108718872, -1.5195125341415405, -0.5978500247001648], [1.8547375202178955, -2.218287467956543, -0.6256250143051147], [2.0784499645233154, -0.9922000169754028, -0.4071374833583832], [2.2254374027252197, 1.2065625190734863, 0.2180749922990799], [1.6000875234603882, 1.009524941444397, 0.30758750438690186], [1.2293875217437744, -0.037675000727176666, -0.1461624950170517], [1.105774998664856, -0.383899986743927, -0.42748749256134033], [1.039775013923645, -0.5319874882698059, -0.9761124849319458], [0.6466624736785889, -1.1360249519348145, -1.4821125268936157], [0.13750000298023224, -1.5428874492645264, -1.6322624683380127], [-0.45058751106262207, -0.6204000115394592, -1.5481125116348267], [-0.9160249829292297, 0.17531250417232513, -0.9057124853134155], [-1.2270499467849731, 0.06132499873638153, -0.5691124796867371], [-1.0129624605178833, 0.7697250247001648, -0.6000499725341797], [0.4081000089645386, 1.5357375144958496, -0.20473749935626984], [2.6365625858306885, 0.8134499788284302, 0.9818875193595886], [3.7582874298095703, -0.8952624797821045, 1.7936874628067017], [2.778325080871582, -1.7314000129699707, 1.1246124505996704], [0.7233874797821045, 0.41084998846054077, 0.43972501158714294], [-0.3716624975204468, -0.24323749542236328, 0.5249750018119812], [-0.7317749857902527, -1.2372249364852905, 0.03272499889135361], [-1.0865249633789062, -0.0919874981045723, -0.4636499881744385], [-0.1564749926328659, 0.0017874999903142452, -0.2899875044822693], [1.0462374687194824, -0.5777750015258789, 0.1915374994277954], [1.5585625171661377, -0.06544999778270721, 0.31501248478889465], [1.4850000143051147, 0.5066875219345093, 0.1839749962091446], [1.1398749351501465, 0.21697500348091125, 0.15950000286102295], [0.1821874976158142, -0.5607249736785889, -0.023649999871850014], [-0.4548499882221222, -0.25712499022483826, -0.13763749599456787], [-0.17998750507831573, -0.08882500231266022, -0.14190000295639038], [0.4101625084877014, -0.030249999836087227, -0.16651250422000885], [0.7756375074386597, 0.2424124926328659, -0.2484624981880188], [1.0994499921798706, -0.09418749809265137, -0.37523749470710754], [0.8405374884605408, -0.27101248502731323, -0.39544999599456787], [0.43793749809265137, -0.3273875117301941, -0.31872498989105225], [0.17366249859333038, -0.3881624937057495, -0.19415000081062317], [0.2110625058412552, -0.4978874921798706, -0.21656249463558197], [0.4848249852657318, -0.489362508058548, -0.3092375099658966], [0.727649986743927, -0.3306874930858612, -0.3102000057697296], [0.9087374806404114, -0.2730749845504761, -0.2441999912261963], [0.9897249937057495, -0.2932874858379364, -0.2569875121116638], [0.8427374958992004, -0.29548749327659607, -0.32202500104904175], [0.5476624965667725, -0.17833749949932098, -0.3144625127315521], [0.42294999957084656, -0.15592500567436218, -0.16431249678134918], [0.3856875002384186, -0.1527625024318695, -0.1046374961733818], [0.3601124882698059, -0.16128750145435333, -0.16541250050067902], [0.32394999265670776, -0.15482500195503235, -0.13667500019073486], [0.46447500586509705, -0.16554999351501465, 0.015675000846385956], [0.6744375228881836, -0.07713750004768372, 0.09556250274181366], [0.7532249689102173, 0.029424998909235, 0.06998749822378159], [0.7020750045776367, 0.10078749805688858, 0.011412499472498894], [0.3590124845504761, 0.006049999967217445, 0.09129999577999115], [0.2003374993801117, -0.406312495470047, 0.30016249418258667], [0.2120250016450882, -0.2176624983549118, 0.26496249437332153], [0.5263500213623047, -0.17503750324249268, 0.05719999969005585], [0.75638747215271, -0.21876250207424164, 0.05197500064969063], [0.5582500100135803, -0.16981250047683716, 0.05829999968409538], [0.09597499668598175, -0.045099999755620956, 0.055137500166893005], [0.002199999988079071, -0.2326499968767166, 0.1424500048160553], [0.28558748960494995, -0.2667500078678131, 0.10518749803304672], [0.5391374826431274, -0.19208750128746033, -0.00989999994635582], [0.5625125169754028, -0.3796375095844269, -0.004537499975413084], [0.3293125033378601, -0.5874000191688538, 0.0008249999955296516], [0.021449999883770943, -0.5181000232696533, -0.10999999940395355], [-0.1671999990940094, -0.5170000195503235, -0.1120624989271164], [-0.27582499384880066, -0.559624969959259, -0.10573749989271164], [-0.23319999873638153, -0.5948249697685242, -0.082225002348423], [-0.11921250075101852, -0.5245624780654907, -0.040699999779462814], [0.05335000157356262, -0.3881624937057495, 0.06366249918937683], [0.12044999748468399, -0.14630000293254852, 0.14464999735355377], [0.008662499487400055, 0.018837500363588333, 0.2180749922990799], [-0.20762500166893005, 0.1093124970793724, 0.27568748593330383], [-0.23319999873638153, -0.179299995303154, 0.36616250872612], [-0.05321250110864639, -0.2539624869823456, 0.43326249718666077], [0.2770625054836273, -0.11013749986886978, 0.4652999937534332], [0.4624125063419342, 0.018837500363588333, 0.5057250261306763], [0.4305124878883362, 0.19030000269412994, 0.5589374899864197], [0.46777498722076416, -0.2326499968767166, 0.6080250144004822], [0.3750999867916107, -0.27527499198913574, 0.5898749828338623], [0.027775000780820847, -0.29548749327659607, 0.547249972820282], [-0.16926249861717224, -0.1868624985218048, 0.6719624996185303], [-0.21931250393390656, 0.052799999713897705, 0.7528125047683716], [-0.25671249628067017, 0.37564998865127563, 0.6719624996185303], [-0.15757499635219574, 0.11357499659061432, 0.495137482881546], [0.18328750133514404, -0.32958748936653137, 0.4961000084877014], [0.2994749844074249, -0.2975499927997589, 0.5216749906539917], [0.05871250107884407, 0.1667875051498413, 0.5856124758720398], [-0.26413750648498535, 0.43216249346733093, 0.7965375185012817], [-0.055275000631809235, -0.2773374915122986, 0.805062472820282], [0.2578125, -0.43821248412132263, 0.5781875252723694], [0.7085375189781189, -0.30291250348091125, 0.43642500042915344], [1.1719125509262085, -0.2241249978542328, 0.37578749656677246], [1.3135374784469604, -1.1829124689102173, 0.35557499527931213], [0.7691749930381775, -2.1319375038146973, 0.17448750138282776], [0.7350749969482422, -2.328012466430664, -0.5744749903678894], [1.0759375095367432, -1.6781874895095825, -0.708674967288971], [0.6253499984741211, -0.5383124947547913, 0.13392500579357147], [0.09171249717473984, 0.9561749696731567, 1.2876875400543213], [1.687399983406067, 1.4920125007629395, 2.339012384414673], [2.6919748783111572, 2.961062431335449, 3.1519124507904053], [3.2405998706817627, 2.215399980545044, 4.281062602996826], [2.788912534713745, 0.21051250398159027, 4.6282501220703125], [1.8675249814987183, 0.27871251106262207, 4.289587497711182], [0.7788000106811523, 0.9849125146865845, 4.643237590789795], [0.3590124845504761, 1.0212124586105347, 4.959624767303467], [0.05224999785423279, 0.3521375060081482, 5.287700176239014], [-0.25341248512268066, 0.19456249475479126, 5.400587558746338], [-1.3975499868392944, 0.3713875114917755, 5.44005012512207], [-1.5595250129699707, 0.2264624983072281, 5.5529375076293945], [-1.4583250284194946, 0.23498749732971191, 5.795899868011475], [-1.5934875011444092, 0.26276248693466187, 5.893799781799316], [-1.5157999992370605, 0.2531374990940094, 5.848012447357178], [-1.3325124979019165, 0.017737500369548798, 5.572187423706055], [-1.005537509918213, -0.6406124830245972, 5.073612689971924], [-0.692312479019165, -0.6769124865531921, 4.511099815368652], [-0.9777625203132629, 0.3895374834537506, 3.989150047302246], [-1.3144999742507935, 0.2679874897003174, 3.559875011444092], [-1.032212495803833, -0.1825999915599823, 3.009049892425537], [-0.7253124713897705, -0.1835625022649765, 2.1484375], [-0.3482874929904938, 0.02736249938607216, 1.0671374797821045], [-0.2917749881744385, 0.17641249299049377, -0.12484999746084213], [-0.43779999017715454, 0.4193750023841858, -1.0719499588012695], [-0.6220499873161316, -0.04193750023841858, -0.7405750155448914], [-0.8318749666213989, 0.11467500030994415, -0.8258249759674072], [-0.5933125019073486, 0.7463499903678894, -1.1614625453948975], [-0.18314999341964722, 0.6175125241279602, -1.443750023841858], [0.28022500872612, 0.5322625041007996, -1.5822124481201172], [0.6711375117301941, 1.0553125143051147, -1.5523749589920044], [0.910937488079071, 1.0073250532150269, -1.62909996509552], [0.9811999797821045, 0.8273375034332275, -1.3520375490188599], [0.5838249921798706, 0.6547750234603882, -0.39861249923706055], [1.206012487411499, 0.7708249688148499, 0.07644999772310257], [1.6032500267028809, -0.6832374930381775, 1.1044000387191772], [-0.3536500036716461, -0.9271624684333801, 2.0429749488830566], [-1.9962249994277954, -1.5758874416351318, 1.9214249849319458], [-0.6529874801635742, -0.5841000080108643, 1.3078999519348145], [-0.44632500410079956, 0.358599990606308, 0.8061624765396118], [-0.9777625203132629, -0.6246625185012817, -0.0695749968290329], [0.1471250057220459, -3.1140999794006348, -0.8311874866485596], [0.6115999817848206, -2.8968498706817627, -0.40617498755455017], [0.2461249977350235, 0.1050499975681305, 0.26606249809265137], [-0.4515500068664551, 1.3652374744415283, 0.0019249999895691872], [-1.1450999975204468, 0.7357624769210815, -0.4124999940395355], [-0.6954749822616577, -0.4115374982357025, -0.8269249796867371], [-0.18314999341964722, -1.4737249612808228, -0.8567624688148499], [-0.1979999989271164, -1.693037509918213, -0.4721750020980835], [-0.21504999697208405, -1.3149124383926392, -0.1313125044107437], [-0.5186499953269958, -0.49994999170303345, -0.09611249715089798], [-0.645425021648407, -0.14959999918937683, -0.32945001125335693], [-0.3844499886035919, -0.15482500195503235, -0.3251875042915344], [0.016087500378489494, -0.4296875, -0.3698749840259552], [0.24928750097751617, -0.7002875208854675, -0.2441999912261963], [0.038362499326467514, -0.6428124904632568, -0.12278749793767929], [-0.22577500343322754, -0.27527499198913574, -0.10257499665021896], [-0.3684999942779541, -0.03231250122189522, -0.07699999958276749], [-0.27582499384880066, -0.0004124999977648258, -0.19304999709129333], [-0.06063750013709068, -0.050462499260902405, -0.2644124925136566], [0.01718750037252903, -0.20061250030994415, -0.27403751015663147], [-0.06916250288486481, -0.052662499248981476, -0.14726249873638153], [-0.19167499244213104, 0.21367499232292175, 0.05403750017285347], [-0.17778749763965607, 0.2733500003814697, 0.05829999968409538], [-0.057475000619888306, 0.1732500046491623, 0.01251249946653843], [0.07150000333786011, 0.3063499927520752, 0.010449999943375587], [0.32394999265670776, 0.48537498712539673, 0.06998749822378159], [0.46447500586509705, 0.5545374751091003, 0.14561249315738678], [0.3398999869823456, 0.40012499690055847, 0.24681249260902405], [0.20679999887943268, 0.3606624901294708, 0.23512500524520874], [0.021449999883770943, 0.2989250123500824, 0.10628750175237656], [-0.04152499884366989, 0.13598750531673431, 0.13708749413490295], [0.19923749566078186, -0.08236250281333923, 0.17448750138282776], [0.46777498722076416, -0.12072499841451645, 0.12966249883174896], [0.5411999821662903, 0.22756250202655792, 0.07328750193119049], [0.3452624976634979, 0.4278999865055084, 0.10092499852180481], [0.1363999992609024, 0.2903999984264374, 0.08703749626874924], [0.02241249941289425, -0.09088750183582306, 0.1083500012755394], [-0.027637500315904617, -0.3051125109195709, 0.1424500048160553], [0.027775000780820847, -0.19318750500679016, 0.19786250591278076], [0.2611125111579895, 0.07315000146627426, 0.3268375098705292], [0.455949991941452, 0.24034999310970306, 0.31831249594688416], [0.5860249996185303, 0.3606624901294708, 0.33316248655319214], [0.4251500070095062, 0.353237509727478, 0.46309998631477356], [0.1704999953508377, 0.07095000147819519, 0.4525125026702881], [0.008662499487400055, -0.10161250084638596, 0.3768875002861023], [0.09913749992847443, -0.23154999315738678, 0.35653749108314514], [0.20019999146461487, -0.1634874939918518, 0.37578749656677246], [0.3282124996185303, -0.06751249730587006, 0.3587374985218048], [0.27486249804496765, 0.00494999997317791, 0.31075000762939453], [0.1438249945640564, 0.06558749824762344, 0.2564375102519989], [0.17586250603199005, -0.02708750031888485, 0.20954999327659607], [0.16843749582767487, -0.028049999848008156, 0.15633749961853027], [0.15234999358654022, 0.13805000483989716, 0.13392500579357147], [0.1704999953508377, 0.2414499968290329, 0.1648624986410141], [0.17586250603199005, 0.3255999982357025, 0.12540000677108765], [0.25148749351501465, 0.2957625091075897, 0.08607500046491623], [0.2153249979019165, 0.3096500039100647, 0.04977500066161156], [0.16307500004768372, 0.34264999628067017, 0.04661250114440918], [0.11838749796152115, 0.3287625014781952, 0.04977500066161156], [0.10449999570846558, 0.29782500863075256, 0.06902500241994858], [0.23759999871253967, 0.18713749945163727, 0.11261250078678131], [0.23237499594688416, 0.09968750178813934, 0.08813749998807907], [0.3825249969959259, 0.028324998915195465, 0.09459999948740005], [0.4081000089645386, 0.03162499889731407, 0.14038750529289246], [0.2983750104904175, 0.07411249727010727, 0.08181250095367432], [0.10339999943971634, 0.10615000128746033, -0.004537499975413084], [-0.015949999913573265, 0.017737500369548798, -0.04496249929070473], [-0.0882750004529953, -0.043037500232458115, -0.07590000331401825], [-0.030799999833106995, 0.029424998909235, -0.07163749635219574], [0.04592499881982803, 0.12952500581741333, -0.0471624992787838], [0.1013374999165535, 0.22439999878406525, -0.04399999976158142], [0.2153249979019165, 0.2414499968290329, -0.0471624992787838], [0.13433749973773956, 0.3255999982357025, -0.02694999985396862], [0.004399999976158142, 0.30855000019073486, -0.03217500075697899], [-0.02447500079870224, 0.24997499585151672, 0.011412499472498894], [-0.019112499430775642, 0.18809999525547028, 0.015675000846385956], [0.032999999821186066, 0.19882500171661377, 0.05087500065565109], [0.02461249940097332, 0.12526249885559082, 0.08607500046491623], [-0.015949999913573265, 0.005912499967962503, 0.07961250096559525], [-0.05431250110268593, -0.0387750007212162, 0.09129999577999115], [-0.1331000030040741, -0.08236250281333923, 0.07644999772310257], [-0.11824999749660492, -0.12718750536441803, 0.07218749821186066], [-0.07342500239610672, -0.14533749222755432, 0.04867500066757202], [0.012924999929964542, -0.142037495970726, 0.05829999968409538], [0.011687500402331352, -0.164450004696846, 0.043449997901916504], [-0.04468749836087227, -0.2241249978542328, 0.055137500166893005], [-0.08951249718666077, -0.19318750500679016, 0.026399999856948853], [-0.056512501090765, -0.11866249889135361, -0.0012374999932944775], [-0.027637500315904617, -0.07713750004768372, -0.03437500074505806], [-0.023512499406933784, -0.022824998944997787, -0.048124998807907104], [-0.08304999768733978, 0.0038499999791383743, -0.050324998795986176], [-0.07122500240802765, 0.026262499392032623, -0.042899999767541885], [0.02667500078678131, 0.04001250118017197, -0.02694999985396862], [0.07246249914169312, 0.05706249922513962, -0.011962499469518661], [0.08841250091791153, 0.014437500387430191, 0.010449999943375587], [-0.005362499970942736, 0.011274999938905239, 0.015812499448657036], [-0.032999999821186066, 0.037950001657009125, 0.027499999850988388], [-0.02447500079870224, 0.01979999989271164, 0.018975000828504562], [0.03189999982714653, 0.018699999898672104, 0.023237500339746475], [0.03519999980926514, 0.03904999792575836, 0.035887498408555984], [0.05321250110864639, 0.06668750196695328, 0.04881250113248825], [0.057475000619888306, 0.07301250100135803, 0.028599999845027924], [0.06929999589920044, 0.0411125011742115, 0.027499999850988388], [0.02667500078678131, 0.03684999793767929, 0.020075000822544098], [-0.0031624999828636646, 0.06778749823570251, 0.02433750033378601], [0.03519999980926514, 0.06558749824762344, 0.005087499972432852], [0.09707500040531158, 0.0859375, -0.0056374999694526196], [0.09267500042915344, 0.09858749806880951, -0.023649999871850014], [0.03616249933838844, 0.10395000129938126, -0.025849999859929085], [0.01484999991953373, 0.116737499833107, -0.02681249938905239], [0.04262499883770943, 0.11783749610185623, -0.05664999783039093], [0.06599999964237213, 0.12416250258684158, -0.06517499685287476], [0.02667500078678131, 0.18177500367164612, -0.06943749636411667], [0.021312499418854713, 0.18700000643730164, -0.08016250282526016], [0.03616249933838844, 0.15716250240802765, -0.08868750184774399], [0.047987498342990875, 0.14767499268054962, -0.08016250282526016], [0.05857500061392784, 0.1284250020980835, -0.07369999587535858], [0.05224999785423279, 0.11783749610185623, -0.082225002348423], [0.040424998849630356, 0.10821250081062317, -0.08332499861717224], [0.02241249941289425, 0.10821250081062317, -0.05664999783039093], [0.03189999982714653, 0.10615000128746033, -0.033275000751018524], [0.0873124971985817, 0.08373750001192093, 0.003987499978393316], [0.08415000140666962, 0.07301250100135803, 0.04881250113248825], [0.07768750190734863, 0.09336250275373459, 0.10202500224113464], [0.05967500060796738, 0.14767499268054962, 0.15001249313354492], [0.05431250110268593, 0.1849374920129776, 0.23416249454021454], [-0.011687500402331352, 0.27114999294281006, 0.30662500858306885], [-0.011687500402331352, 0.32023748755455017, 0.37152498960494995], [-0.021312499418854713, 0.3489750027656555, 0.45045000314712524], [0.03189999982714653, 0.47148749232292175, 0.6017000079154968], [0.12251249700784683, 0.6366249918937683, 0.6400625109672546], [0.13420000672340393, 0.7867749929428101, 0.5516499876976013], [0.11604999750852585, 0.8027250170707703, 0.6571124792098999], [0.038362499326467514, 0.7847124934196472, 0.8243125081062317], [-0.038362499326467514, 1.1042624711990356, 0.9681375026702881], [0.1214125007390976, 1.1543124914169312, 0.8263750076293945], [0.28228750824928284, 0.8646000027656555, 0.571862518787384], [0.11935000121593475, 0.5460125207901001, 0.4343625009059906], [-0.06283749639987946, 0.43738749623298645, 0.6740249991416931], [-0.12361250072717667, 0.6323624849319458, 0.6656374931335449], [-0.05321250110864639, 0.5449125170707703, 0.22247499227523804], [0.19071249663829803, -0.09102500230073929, -0.5392749905586243], [0.6316750049591064, -0.853737473487854, -1.3914999961853027], [1.2826000452041626, -1.3341624736785889, -2.2383625507354736], [1.8727500438690186, -0.7226999998092651, -3.1469624042510986], [1.9355875253677368, 0.6301624774932861, -3.482599973678589], [1.3252249956130981, 1.3481874465942383, -3.619962453842163], [0.4281750023365021, 0.45223748683929443, -3.3706750869750977], [0.737137496471405, 0.32766249775886536, -3.2364749908447266], [0.7638124823570251, 0.9476500153541565, -3.155487537384033], [0.791450023651123, 0.3926999866962433, -3.05222487449646], [1.372112512588501, -1.1721874475479126, -3.2566874027252197], [-0.030937500298023224, -1.711187481880188, -2.6719000339508057], [-1.4360499382019043, -1.3490124940872192, -1.6843750476837158], [-1.9515374898910522, -1.9061625003814697, -0.5796999931335449], [-1.2260874509811401, -1.2414875030517578, -0.3422375023365021], [-1.7736124992370605, 0.11783749610185623, -1.3008874654769897], [-2.4054250717163086, 2.758662462234497, -2.7028374671936035], [-2.459737539291382, 4.222212314605713, -4.111112594604492], [-1.915374994277954, 1.6964750289916992, -5.519387245178223], [-1.0088374614715576, 1.8882875442504883, -6.202212333679199], [-0.24076250195503235, 1.2330999374389648, -6.163849830627441], [-0.06599999964237213, 0.04001250118017197, -5.090112686157227], [-0.4399999976158142, 1.6273125410079956, -4.597862243652344], [0.22261250019073486, 0.622737467288971, -4.453074932098389], [0.6210874915122986, -0.2391124963760376, -4.477550029754639], [0.4357374906539917, -0.19648750126361847, -4.411412239074707], [0.010587500408291817, -1.0166749954223633, -4.249575138092041], [-0.5198875069618225, -1.5173125267028809, -4.201587677001953], [-0.727649986743927, -1.4214749336242676, -4.1248626708984375], [-0.5304750204086304, -0.9134125113487244, -3.8490374088287354], [-0.2055625021457672, -0.41593748331069946, -3.496350049972534], [-0.2012999951839447, 0.0411125011742115, -3.3526625633239746], [-0.6008750200271606, -0.037675000727176666, -3.2429375648498535], [-0.7020750045776367, -0.24117499589920044, -2.935075044631958], [-0.33137500286102295, -0.3104749917984009, -2.3992373943328857], [-0.33233749866485596, -0.4137375056743622, -2.023175001144409], [-0.4655750095844269, 0.12526249885559082, -1.796299934387207], [-0.4974749982357025, 0.2540999948978424, -1.5129125118255615], [-0.544362485408783, 0.03684999793767929, -1.4020874500274658], [-0.6722375154495239, 0.41923749446868896, -1.3190374374389648], [-0.7990124821662903, 0.4405499994754791, -1.0793750286102295], [-0.5389999747276306, 0.15619999170303345, -0.6819999814033508], [-0.16830000281333923, -0.7386500239372253, 0.6421250104904175], [0.15441249310970306, -1.442787528038025, 1.474137544631958], [-0.14066250622272491, -0.14739999175071716, 1.4858249425888062], [-0.7265499830245972, 0.7441499829292297, 0.7827875018119812], [-1.3059749603271484, 1.0722249746322632, 0.22990000247955322], [-1.6671874523162842, 3.1260623931884766, -0.6925874948501587], [2.254037380218506, 9.941662788391113, -3.4740750789642334], [1.271875023841858, 4.215887546539307, 17.362537384033203], [3.504737377166748, 3.30935001373291, 12.247124671936035], [-5.764137268066406, 4.315987586975098, 9.907837867736816], [-14.929749488830566, -2.0681374073028564, 3.9455623626708984], [-11.14368724822998, 0.4768500030040741, -2.791249990463257], [6.287187576293945, -13.66983699798584, -0.22068749368190765], [2.944424867630005, -6.014937400817871, 3.476824998855591], [-2.799499988555908, 1.036062479019165, 1.8639500141143799], [-4.251500129699707, 0.5257999897003174, -0.9941250085830688], [0.5625125169754028, 2.1791000366210938, -1.1283249855041504], [-1.621399998664856, 2.142937421798706, -2.4140875339508057], [-1.706512451171875, 4.02943754196167, -4.135587692260742], [-1.4156999588012695, 4.200900077819824, -4.28573751449585], [1.1365749835968018, 0.0006874999962747097, -2.3011999130249023], [0.17366249859333038, 1.8371374607086182, -0.9791374802589417], [0.7691749930381775, 1.4260125160217285, 0.045649997889995575], [0.6103624701499939, 0.6014249920845032, -0.05238749831914902], [0.5347374677658081, 0.5609999895095825, -0.6766374707221985], [0.5315750241279602, 0.6014249920845032, -0.7022125124931335], [-0.08208750188350677, 1.1468875408172607, -0.8630874752998352], [-0.552887499332428, 0.31913748383522034, -0.8258249759674072], [-0.552887499332428, -0.1825999915599823, -0.8311874866485596], [-0.3590124845504761, -0.06751249730587006, -0.7970874905586243], [-0.07452499866485596, 0.36602500081062317, -0.6723750233650208], [0.18314999341964722, 0.4778124988079071, -0.3517250120639801], [0.43353748321533203, 0.28929999470710754, -0.14932499825954437], [0.7669749855995178, 0.7133499979972839, 0.060499999672174454], [1.0301499366760254, 1.3183499574661255, 0.5047624707221985], [1.0694749355316162, 1.2586749792099, 0.5878124833106995], [0.9992125034332275, 1.034000039100647, 0.18411250412464142], [0.6637125015258789, 0.6930000185966492, -0.18658749759197235], [0.3312374949455261, -0.2465374916791916, -0.3932499885559082], [0.21408750116825104, -0.870787501335144, -0.439175009727478], [0.4314749836921692, -0.6886000037193298, -0.46035000681877136], [0.9054374694824219, -0.1825999915599823, -0.5157625079154968], [1.2505625486373901, 0.3713875114917755, -0.6169624924659729], [1.2357125282287598, 0.41071251034736633, -0.772475004196167], [1.0791000127792358, 0.3543374836444855, -1.0421124696731567], [0.9662125110626221, 0.3969624936580658, -1.3158749341964722], [0.8159250020980835, 0.19126249849796295, -1.5225374698638916], [0.6561499834060669, -0.28696250915527344, -1.6928999423980713], [0.7169250249862671, -0.7918624877929688, -1.7877750396728516], [0.9363750219345093, -1.0689250230789185, -1.8559750318527222], [1.1697125434875488, -1.2670625448226929, -1.970924973487854], [1.3624874353408813, -1.3277000188827515, -2.030600070953369], [1.3932875394821167, -1.1573375463485718, -2.0913748741149902], [1.241075038909912, -0.9847750067710876, -2.192574977874756], [1.1611875295639038, -1.128600001335144, -2.151050090789795], [1.1686124801635742, -1.4555749893188477, -1.9347624778747559], [1.171774983406067, -1.7708624601364136, -1.7972625494003296], [1.1526625156402588, -1.802899956703186, -1.6737874746322632], [1.0546250343322754, -1.6952375173568726, -1.5268000364303589], [0.8841249942779541, -1.5226750373840332, -1.4042874574661255], [0.5933125019073486, -1.1764500141143799, -1.2508374452590942], [0.33976250886917114, -0.5160375237464905, -1.0590250492095947], [0.2461249977350235, -0.10807500034570694, -0.8321499824523926], [0.12993749976158142, 0.2583625018596649, -0.5563250184059143], [-0.0170499999076128, -0.1260875016450882, -0.24529999494552612], [0.05321250110864639, -0.3199625015258789, -0.0034374999813735485], [0.09047500044107437, 0.33412501215934753, 0.1297999918460846], [0.12787500023841858, 0.8112499713897705, 0.2639999985694885], [0.31638750433921814, 0.6045874953269958, 0.25657498836517334], [0.5028374791145325, 0.22756250202655792, 0.04138749837875366], [0.3983374834060669, 0.0006874999962747097, -0.09817499667406082], [0.0873124971985817, -0.32532501220703125, -0.15152500569820404], [-0.23649999499320984, -0.38499999046325684, -0.2761000096797943], [-0.5847874879837036, -0.013199999928474426, -0.3357749879360199], [-0.5847874879837036, 0.1050499975681305, -0.3091000020503998], [-0.3686375021934509, 0.16046249866485596, -0.22068749368190765], [0.07878749817609787, 0.045375000685453415, -0.15578749775886536], [0.4388999938964844, -0.09735000133514404, -0.14300000667572021], [0.5699374675750732, -0.21353749930858612, -0.12168750166893005], [0.6785625219345093, -0.2241249978542328, -0.13557499647140503], [0.6572499871253967, -0.09955000132322311, -0.05238749831914902], [0.6402000188827515, 0.022962499409914017, 0.08291249722242355], [0.5933125019073486, 0.09542500227689743, 0.1574375033378601], [0.4665375053882599, 0.04743750020861626, 0.09886249899864197], [0.23003749549388885, 0.09968750178813934, 0.01677500084042549], [0.0031624999828636646, 0.19030000269412994, -0.048124998807907104], [-0.1714625060558319, 0.2722499966621399, -0.021587500348687172], [-0.2503874897956848, 0.2116124927997589, 0.01677500084042549], [-0.16513749957084656, 0.15826250612735748, 0.045649997889995575], [0.0031624999828636646, 0.26372501254081726, 0.060499999672174454], [0.22481249272823334, 0.3063499927520752, 0.11371249705553055], [0.46873748302459717, 0.12526249885559082, 0.15427500009536743], [0.5582500100135803, -0.07397499680519104, 0.020075000822544098], [0.4824874997138977, -0.15070000290870667, -0.1387374997138977], [0.4175874888896942, -0.164450004696846, -0.10147500038146973], [0.3482874929904938, -0.14533749222755432, -0.022549999877810478], [0.23333749175071716, -0.04193750023841858, -0.05555000156164169], [0.11824999749660492, 0.037950001657009125, -0.09817499667406082], [0.07452499866485596, 0.03368749842047691, -0.06407500058412552], [0.11715000122785568, 0.018699999898672104, -0.016224998980760574], [0.11288750171661377, 0.06132499873638153, -0.035337500274181366], [-0.24502499401569366, 0.06778749823570251, -0.04179999977350235], [-0.32381248474121094, -0.08772499859333038, -0.202674999833107], [-0.24818749725818634, 0.12209999561309814, 0.023237500339746475], [0.06173750013113022, 0.30428749322891235, -0.018287500366568565], [0.20666250586509705, 0.36602500081062317, -0.05555000156164169], [0.38032498955726624, 0.22536249458789825, -0.040699999779462814], [0.5944125056266785, 0.1699499934911728, 0.053075000643730164], [0.5625125169754028, 0.19772499799728394, 0.12017499655485153], [0.31418749690055847, 0.17847499251365662, 0.09033749997615814], [0.05857500061392784, 0.05169999971985817, -0.03959999978542328], [-0.17476250231266022, 0.03148749843239784, -0.14409999549388885], [-0.2578125, -0.010037500411272049, -0.17710000276565552], [-0.2055625021457672, -0.12182500213384628, -0.25052499771118164], [-0.15867500007152557, -0.15592500567436218, -0.3123999834060669], [-0.13846249878406525, -0.11866249889135361, -0.2899875044822693], [-0.06283749639987946, -0.10161250084638596, -0.22605000436306], [-0.03189999982714653, -0.0845625028014183, -0.20473749935626984], [-0.021312499418854713, -0.17297500371932983, -0.18136249482631683], [-0.05224999785423279, -0.1942874938249588, -0.17710000276565552], [-0.15234999358654022, -0.05898749828338623, -0.22068749368190765], [-0.24502499401569366, 0.0644875019788742, -0.22824999690055847], [-0.26317501068115234, -0.016362499445676804, -0.1695374995470047], [-0.2535499930381775, 0.012374999932944775, -0.07590000331401825], [-0.1480875015258789, -0.023924998939037323, 0.06366249918937683], [0.0010999999940395355, 0.020899999886751175, 0.09239999949932098], [0.1321374922990799, 0.09968750178813934, 0.06792499870061874], [0.10656250268220901, 0.12952500581741333, -0.021587500348687172], [-0.03946249932050705, -0.0057749999687075615, -0.06737499684095383], [-0.16830000281333923, -0.1303499937057495, -0.025849999859929085], [-0.24186250567436218, -0.10271249711513519, 0.009349999949336052], [-0.19923749566078186, -0.09844999760389328, -0.05884999781847], [-0.023512499406933784, -0.08882500231266022, -0.06737499684095383], [0.14492499828338623, -0.10161250084638596, -0.04179999977350235], [0.2120250016450882, -0.10807500034570694, -0.03959999978542328], [0.14492499828338623, -0.035612501204013824, -0.03217500075697899], [0.08951249718666077, 0.028324998915195465, 0.02956249937415123], [0.1714625060558319, -0.05156249925494194, 0.0999625027179718], [0.25987499952316284, -0.14313749969005585, 0.11481250077486038], [0.13956250250339508, -0.05582499876618385, -0.016224998980760574], [-0.023512499406933784, 0.12526249885559082, -0.021587500348687172], [0.0010999999940395355, 0.05926249921321869, 0.10312499850988388], [0.05321250110864639, 0.017737500369548798, 0.13296249508857727], [0.055412501096725464, 0.00494999997317791, 0.1073874980211258], [0.057475000619888306, 0.017737500369548798, 0.07328750193119049], [0.06393750011920929, -0.006874999962747097, 0.03918749839067459], [0.055412501096725464, -0.05376249924302101, 0.02433750033378601], [0.002062499988824129, -0.04839999973773956, 0.04028749838471413], [-0.027637500315904617, -0.043037500232458115, 0.047712501138448715], [-0.015949999913573265, -0.02488750033080578, 0.028599999845027924], [-0.002199999988079071, -0.02488750033080578, 0.04138749837875366], [0.005362499970942736, -0.007837500423192978, 0.060499999672174454], [0.03189999982714653, -0.03671250119805336, 0.06366249918937683], [0.057475000619888306, -0.016362499445676804, 0.053075000643730164], [0.047987498342990875, 0.011274999938905239, 0.04138749837875366], [0.010587500408291817, 0.035750001668930054, 0.05623750016093254], [0.03189999982714653, 0.018699999898672104, 0.08923749625682831], [0.07356250286102295, -0.023924998939037323, 0.07438749819993973], [0.08524999767541885, -0.045237500220537186, 0.03712499886751175], [0.05431250110268593, -0.06324999779462814, 0.021037500351667404], [0.012787500396370888, -0.035612501204013824, 0.009349999949336052], [0.0031624999828636646, -0.06324999779462814, 0.006187499966472387], [-0.002199999988079071, -0.08676250278949738, -0.0364375002682209], [0.007424999959766865, -0.11123749613761902, -0.07163749635219574], [-0.010724999941885471, -0.1143999993801117, -0.03959999978542328], [-0.045787498354911804, -0.07603749632835388, 0.0008249999955296516], [-0.04468749836087227, -0.018562499433755875, 0.010449999943375587], [-0.025575000792741776, 0.012374999932944775, 0.025299999862909317], [-0.012787500396370888, 0.017737500369548798, 0.04455000162124634], [0.007424999959766865, 0.009212499484419823, 0.060499999672174454], [0.02447500079870224, 0.06558749824762344, 0.057337500154972076], [0.06503749638795853, 0.07411249727010727, 0.0775500014424324], [0.1321374922990799, 0.06778749823570251, 0.11701250076293945], [0.13103750348091125, 0.022962499409914017, 0.07961250096559525], [0.08195000141859055, 0.028324998915195465, 0.015812499448657036], [0.06503749638795853, 0.017737500369548798, 0.0019249999895691872], [0.06173750013113022, 0.04743750020861626, 0.0147124994546175], [0.0681999996304512, 0.043175000697374344, 0.03918749839067459], [0.07768750190734863, 0.0411125011742115, 0.036024998873472214], [0.12787500023841858, 0.0411125011742115, 0.043449997901916504], [0.15344999730587006, 0.08579999953508377, 0.06792499870061874], [0.1704999953508377, 0.08579999953508377, 0.0668250024318695], [0.15661250054836273, 0.03684999793767929, 0.01251249946653843], [0.12361250072717667, 0.002749999985098839, -0.03437500074505806], [0.05224999785423279, -0.006874999962747097, -0.029012499377131462], [0.005362499970942736, 0.03368749842047691, -0.023649999871850014], [0.012787500396370888, 0.03148749843239784, -0.05238749831914902], [0.020212499424815178, 0.002749999985098839, -0.06737499684095383], [0.019112499430775642, -0.0057749999687075615, -0.05238749831914902], [0.019112499430775642, 0.005912499967962503, -0.05238749831914902], [0.005362499970942736, 0.020899999886751175, -0.06201250106096268], [-0.03519999980926514, 0.024062499403953552, -0.06407500058412552], [-0.08208750188350677, 0.025162499397993088, -0.06833750009536743], [-0.12361250072717667, 0.015537500381469727, -0.09927500039339066], [-0.1704999953508377, -0.035612501204013824, -0.14822499454021454], [-0.2012999951839447, -0.0728750005364418, -0.14932499825954437], [-0.26840001344680786, -0.07919999957084656, -0.14932499825954437], [-0.32381248474121094, -0.10477499663829803, -0.16431249678134918], [-0.28228750824928284, -0.11756250262260437, -0.172837495803833], [-0.19497500360012054, -0.12292499840259552, -0.14932499825954437], [-0.14918750524520874, -0.05582499876618385, -0.11948750168085098], [-0.12787500023841858, -0.01209999993443489, -0.08332499861717224], [-0.113987497985363, -0.006874999962747097, -0.05884999781847], [-0.08304999768733978, -0.028187500312924385, -0.05555000156164169], [-0.03189999982714653, -0.06228749826550484, -0.082225002348423], [-0.0170499999076128, -0.058024998754262924, -0.11852499842643738], [-0.012787500396370888, -0.05472499877214432, -0.11522500216960907], [0.02241249941289425, -0.058024998754262924, -0.07906249910593033], [0.08621250092983246, -0.037675000727176666, -0.007699999958276749], [0.15234999358654022, 0.05169999971985817, 0.04455000162124634], [0.21408750116825104, 0.13488750159740448, 0.06476250290870667], [0.3004375100135803, 0.14767499268054962, 0.09776250272989273], [0.4409624934196472, 0.13488750159740448, 0.11797499656677246], [0.5006374716758728, 0.08373750001192093, 0.09459999948740005], [0.4314749836921692, 0.04221250116825104, 0.057337500154972076], [0.35048750042915344, -0.022824998944997787, 0.045649997889995575], [0.2694999873638153, -0.07493750005960464, -0.005499999970197678], [0.18108749389648438, -0.10161250084638596, -0.05664999783039093], [0.06503749638795853, -0.15812499821186066, -0.07369999587535858], [-0.06393750011920929, -0.1942874938249588, -0.1120624989271164], [-0.1671999990940094, -0.23691250383853912, -0.16321249306201935], [-0.22261250019073486, -0.25712499022483826, -0.19085000455379486], [-0.29823750257492065, -0.2326499968767166, -0.21546250581741333], [-0.38458749651908875, -0.21876250207424164, -0.25052499771118164], [-0.3823874890804291, -0.23691250383853912, -0.2675749957561493], [-0.3345375061035156, -0.22728750109672546, -0.24736249446868896], [-0.29397499561309814, -0.17943750321865082, -0.21119999885559082], [-0.2535499930381775, -0.06324999779462814, -0.16431249678134918], [-0.15441249310970306, -0.01209999993443489, -0.07259999960660934], [-0.018149999901652336, 0.030524998903274536, 0.018975000828504562], [0.10119999945163727, 0.0635249987244606, 0.05197500064969063], [0.1714625060558319, 0.0943249985575676, 0.07012499868869781], [0.12677499651908875, 0.09006249904632568, 0.05087500065565109], [-0.005362499970942736, 0.08799999952316284, 0.038087498396635056], [-0.1629374921321869, 0.052799999713897705, -0.010862499475479126], [-0.2513499855995178, -0.025987500324845314, -0.05458749830722809], [-0.2887499928474426, -0.0057749999687075615, -0.06201250106096268], [-0.3345375061035156, -0.002612499985843897, -0.08112499862909317], [-0.3482874929904938, -0.03671250119805336, -0.08868750184774399], [-0.28654998540878296, -0.03987500071525574, -0.06627500057220459], [-0.22591249644756317, -0.025987500324845314, -0.04922499880194664], [-0.16403749585151672, -0.016362499445676804, -0.023649999871850014], [-0.10339999943971634, 0.008112499490380287, 0.006187499966472387], [-0.018149999901652336, 0.05596249923110008, 0.03492499887943268], [-0.025575000792741776, 0.06668750196695328, 0.0541750006377697], [-0.047987498342990875, 0.03684999793767929, 0.03492499887943268], [0.038362499326467514, -0.004674999974668026, 0.0658624991774559], [0.09047500044107437, 0.01347499992698431, 0.10092499852180481], [0.028737500309944153, 0.03891250118613243, 0.0849749967455864], [0.009624999947845936, 0.04221250116825104, 0.0658624991774559], [0.03616249933838844, 0.07411249727010727, 0.08717499673366547], [0.02983750030398369, 0.08057499676942825, 0.08717499673366547], [0.018149999901652336, 0.030524998903274536, 0.07328750193119049], [0.04372499883174896, -0.015399999916553497, 0.09569999575614929], [0.047987498342990875, 0.037950001657009125, 0.12333749979734421], [-0.005362499970942736, 0.10188750177621841, 0.12223749607801437], [-0.04152499884366989, 0.09968750178813934, 0.10312499850988388], [0.013887500390410423, 0.03148749843239784, 0.08607500046491623], [0.06173750013113022, -0.025987500324845314, 0.0775500014424324], [0.038362499326467514, -0.0057749999687075615, 0.053075000643730164], [0.009624999947845936, -0.0004124999977648258, 0.049912501126527786], [-0.014987500384449959, 0.043175000697374344, 0.07108750194311142], [-0.006462499964982271, 0.06558749824762344, 0.08291249722242355], [0.03189999982714653, 0.03368749842047691, 0.07438749819993973], [0.040424998849630356, 0.037950001657009125, 0.07012499868869781], [0.03616249933838844, 0.03891250118613243, 0.08717499673366547], [0.021312499418854713, -0.010037500411272049, 0.0775500014424324], [-0.023512499406933784, -0.0057749999687075615, 0.026399999856948853], [-0.09377499669790268, -0.004674999974668026, 0.007287499960511923], [-0.15015000104904175, -0.013199999928474426, 0.0019249999895691872], [-0.18328750133514404, 0.04001250118017197, 0.01251249946653843], [-0.18851250410079956, 0.07204999774694443, 0.020075000822544098], [-0.15344999730587006, 0.0411125011742115, 0.02956249937415123], [-0.113987497985363, -0.01209999993443489, 0.0625625029206276], [-0.12787500023841858, 0.002749999985098839, 0.08291249722242355], [-0.1714625060558319, 0.01979999989271164, 0.07438749819993973], [-0.20982499420642853, 0.017737500369548798, 0.038087498396635056], [-0.2003374993801117, 0.009212499484419823, 0.026399999856948853], [-0.1363999992609024, 0.005912499967962503, 0.043449997901916504], [-0.05431250110268593, -0.0035749999806284904, 0.049912501126527786], [-0.0031624999828636646, -0.0057749999687075615, 0.060499999672174454], [0.006324999965727329, -0.0057749999687075615, 0.08717499673366547], [-0.025575000792741776, -0.007837500423192978, 0.09350000321865082], [-0.02447500079870224, 0.010174999944865704, 0.0658624991774559], [0.006324999965727329, 0.015537500381469727, 0.045649997889995575], [0.03726249933242798, 0.002749999985098839, 0.049912501126527786], [0.05004999786615372, 0.01979999989271164, 0.060499999672174454], [0.07878749817609787, 0.02722499892115593, 0.07108750194311142], [0.07026249915361404, 0.017737500369548798, 0.0658624991774559], [0.03616249933838844, -0.0057749999687075615, 0.038087498396635056], [0.007424999959766865, -0.03135000169277191, 0.026399999856948853], [-0.01924999989569187, -0.01746249943971634, 0.02433750033378601], [-0.007424999959766865, 0.01979999989271164, 0.03492499887943268], [0.04262499883770943, 0.0411125011742115, 0.047712501138448715], [0.10119999945163727, 0.035750001668930054, 0.047712501138448715], [0.11288750171661377, 0.020899999886751175, 0.060499999672174454], [0.08098749816417694, 0.010174999944865704, 0.0668250024318695], [0.04372499883174896, 0.0038499999791383743, 0.06159999966621399], [-0.02447500079870224, 0.012374999932944775, 0.03492499887943268], [-0.05115000158548355, 0.0038499999791383743, 0.0030249999836087227], [-0.0170499999076128, -0.022824998944997787, -0.0012374999932944775], [0.04152499884366989, -0.020624998956918716, -0.005499999970197678], [0.09157499670982361, 0.008112499490380287, 0.010449999943375587], [0.11715000122785568, -0.007837500423192978, 0.04455000162124634], [0.08098749816417694, 0.0038499999791383743, 0.04455000162124634], [0.038362499326467514, 0.0016499999910593033, 0.026399999856948853], [0.02447500079870224, -0.0015124999918043613, 0.0019249999895691872], [0.007424999959766865, -0.015399999916553497, -0.023649999871850014], [0.019112499430775642, -0.028187500312924385, -0.04922499880194664], [0.06503749638795853, -0.01746249943971634, -0.031075000762939453], [0.07878749817609787, -0.03135000169277191, -0.008799999952316284], [0.045787498354911804, -0.0057749999687075615, -0.00976249948143959], [0.011687500402331352, 0.03258749842643738, 0.009349999949336052], [-0.0170499999076128, 0.03891250118613243, 0.0019249999895691872], [-0.006462499964982271, 0.030524998903274536, 0.006187499966472387], [-0.0042624999769032, 0.010174999944865704, 0.020075000822544098], [-0.04262499883770943, 0.037950001657009125, 0.011549999937415123], [-0.04895000159740448, 0.02722499892115593, 0.021037500351667404], [-0.06929999589920044, -0.0057749999687075615, 0.0008249999955296516], [-0.07782500237226486, -0.007837500423192978, -0.0193875003606081], [-0.06929999589920044, -0.02914999984204769, -0.007699999958276749], [-0.05857500061392784, 0.0006874999962747097, -0.0034374999813735485], [0.0031624999828636646, 0.025162499397993088, 0.008249999955296516], [0.055412501096725464, 0.022962499409914017, 0.003987499978393316], [0.09267500042915344, 0.002749999985098839, 0.005087499972432852], [0.06393750011920929, -0.0057749999687075615, 0.0019249999895691872], [0.020212499424815178, 0.011274999938905239, -0.0002749999985098839], [0.002062499988824129, 0.02722499892115593, 0.008249999955296516], [-0.013887500390410423, -0.002612499985843897, -0.021587500348687172], [0.002062499988824129, -0.002612499985843897, -0.0364375002682209], [0.04372499883174896, -0.007837500423192978, -0.005499999970197678], [0.040424998849630356, -0.006874999962747097, -0.0034374999813735485], [0.03189999982714653, 0.020899999886751175, -0.0002749999985098839], [0.025575000792741776, -0.0057749999687075615, -0.0034374999813735485], [0.02447500079870224, 0.007012499962002039, 0.013612499460577965], [0.020212499424815178, 0.016637500375509262, 0.02213750034570694], [0.02241249941289425, 0.015537500381469727, 0.009349999949336052], [0.02667500078678131, 0.0038499999791383743, 0.009349999949336052], [0.02241249941289425, -0.007837500423192978, -0.0002749999985098839], [0.023375000804662704, -0.007837500423192978, -0.011962499469518661], [0.019112499430775642, 0.005912499967962503, 0.003987499978393316], [0.018149999901652336, 0.02722499892115593, 0.009349999949336052], [0.02667500078678131, 0.015537500381469727, 0.0008249999955296516], [0.040424998849630356, 0.010174999944865704, -0.0002749999985098839], [0.03946249932050705, 0.01979999989271164, 0.005087499972432852], [0.02983750030398369, 0.017737500369548798, 0.0147124994546175], [0.021312499418854713, 0.018699999898672104, 0.026399999856948853], [0.013887500390410423, 0.02722499892115593, 0.010449999943375587], [0.005362499970942736, 0.01347499992698431, -0.010862499475479126], [0.006324999965727329, 0.00494999997317791, -0.02474999986588955], [-0.007424999959766865, 0.007012499962002039, -0.007699999958276749], [-0.020212499424815178, 0.009212499484419823, -0.0034374999813735485], [-0.011687500402331352, 0.015537500381469727, -0.014024999924004078], [-0.009624999947845936, 0.018699999898672104, -0.015124999918043613], [-0.0085249999538064, 0.01347499992698431, 0.0019249999895691872], [-0.011687500402331352, 0.011274999938905239, 0.005087499972432852], [-0.02983750030398369, 0.010174999944865704, -0.011962499469518661], [-0.0340999998152256, 0.007012499962002039, -0.018287500366568565]];[[17.8125, -19.256250381469727, 21.243751525878906], [9.600000381469727, -23.587501525878906, 19.98750114440918], [-7.012500286102295, -31.856250762939453, 16.743751525878906], [-7.012500286102295, -31.856250762939453, 16.743751525878906], [-11.15625, -37.087501525878906, 17.212501525878906], [-11.15625, -37.087501525878906, 17.212501525878906], [1.0125000476837158, -30.30000114440918, 14.700000762939453], [1.0125000476837158, -30.30000114440918, 14.700000762939453], [18.056251525878906, -24.187501907348633, 13.687500953674316], [18.056251525878906, -24.187501907348633, 13.687500953674316], [26.943750381469727, -22.200000762939453, 13.312500953674316], [34.61250305175781, -21.1875, 13.800000190734863], [34.85625076293945, -21.65625, 10.987500190734863], [19.80000114440918, -27.843751907348633, 2.1000001430511475], [19.80000114440918, -27.843751907348633, 2.1000001430511475], [10.912500381469727, -32.64375305175781, -2.512500047683716], [4.800000190734863, -39.056251525878906, -5.34375], [1.3125, -45.84375, -6.787500381469727], [1.5562500953674316, -51.656253814697266, -6.656250476837158], [2.9437501430511475, -55.98750305175781, -6.412500381469727], [9.487500190734863, -56.75625228881836, -4.856250286102295], [30.356250762939453, -57.187503814697266, 0.35625001788139343], [30.356250762939453, -57.187503814697266, 0.35625001788139343], [39.60000228881836, -56.64375305175781, 3.187500238418579], [44.15625, -54.30000305175781, 6.0], [47.15625, -50.88750076293945, 6.487500190734863], [47.400001525878906, -47.88750076293945, 6.187500476837158], [46.85625076293945, -45.0, 5.887500286102295], [43.98750305175781, -40.556251525878906, 5.212500095367432], [43.98750305175781, -40.556251525878906, 5.212500095367432], [46.20000076293945, -40.25625228881836, 6.0], [46.20000076293945, -40.25625228881836, 6.0], [47.45625305175781, -38.34375, 6.187500476837158], [48.60000228881836, -36.11250305175781, 4.3125], [49.312503814697266, -33.84375, 2.4000000953674316], [49.556251525878906, -30.900001525878906, 0.5437500476837158], [50.10000228881836, -27.712501525878906, -1.8562500476837158], [48.60000228881836, -25.687501907348633, -1.912500023841858], [46.5, -23.287500381469727, 0.0], [44.64375305175781, -21.712501525878906, 3.0], [42.41250228881836, -21.95625114440918, 6.487500190734863], [37.61250305175781, -23.043750762939453, 11.756250381469727], [33.48750305175781, -24.600000381469727, 17.45625114440918], [29.64375114440918, -26.700000762939453, 23.8125], [25.743751525878906, -27.356250762939453, 34.91250228881836], [25.743751525878906, -27.356250762939453, 34.91250228881836], [25.387500762939453, -25.98750114440918, 36.78750228881836], [24.900001525878906, -24.95625114440918, 37.6875], [25.856250762939453, -23.287500381469727, 37.91250228881836], [28.556251525878906, -21.787500381469727, 37.61250305175781], [31.856250762939453, -19.3125, 36.65625], [36.056251525878906, -17.587501525878906, 34.01250076293945], [38.15625, -16.087501525878906, 32.587501525878906], [38.212501525878906, -17.15625, 29.156251907348633], [38.212501525878906, -17.15625, 29.156251907348633], [34.61250305175781, -23.8125, 23.887500762939453], [34.61250305175781, -23.8125, 23.887500762939453], [32.04375076293945, -27.187501907348633, 21.30000114440918], [29.212501525878906, -30.656251907348633, 21.243751525878906], [27.000001907348633, -33.712501525878906, 21.65625], [24.843751907348633, -36.41250228881836, 22.443750381469727], [22.912500381469727, -38.15625, 23.64375114440918], [23.887500762939453, -33.1875, 28.687501907348633], [23.887500762939453, -33.1875, 28.687501907348633], [25.743751525878906, -28.80000114440918, 33.30000305175781], [28.14375114440918, -25.012500762939453, 36.0], [29.812501907348633, -22.556251525878906, 36.900001525878906], [30.000001907348633, -20.212501525878906, 39.1875], [30.000001907348633, -20.212501525878906, 39.1875], [24.48750114440918, -21.712501525878906, 39.54375076293945], [15.71250057220459, -23.287500381469727, 39.41250228881836], [7.087500095367432, -25.256250381469727, 39.54375076293945], [-1.3875000476837158, -28.200000762939453, 39.60000228881836], [-8.643750190734863, -31.200000762939453, 40.25625228881836], [-15.600000381469727, -33.78750228881836, 41.10000228881836], [-23.512500762939453, -36.056251525878906, 41.8125], [-30.11250114440918, -37.556251525878906, 42.11250305175781], [-30.11250114440918, -37.556251525878906, 42.11250305175781], [-29.587501525878906, -37.3125, 42.712501525878906], [-29.45625114440918, -36.95625305175781, 43.087501525878906], [-29.812501907348633, -35.75625228881836, 43.6875], [-31.256250381469727, -34.087501525878906, 44.15625], [-32.94375228881836, -32.51250076293945, 44.70000076293945], [-33.84375, -31.312501907348633, 44.70000076293945], [-34.743751525878906, -30.48750114440918, 44.04375076293945], [-37.01250076293945, -28.912500381469727, 43.38750076293945], [-37.80000305175781, -28.500001907348633, 43.087501525878906], [-35.8125, -30.11250114440918, 42.78750228881836], [-28.743751525878906, -32.51250076293945, 40.20000076293945], [-18.243751525878906, -31.556251525878906, 36.54375076293945], [-8.456250190734863, -30.11250114440918, 33.48750305175781], [2.5875000953674316, -32.45625305175781, 29.343751907348633], [2.5875000953674316, -32.45625305175781, 29.343751907348633], [10.74375057220459, -34.5, 27.412500381469727], [18.0, -35.34375, 25.80000114440918], [23.887500762939453, -33.712501525878906, 24.656251907348633], [26.64375114440918, -28.743751525878906, 23.043750762939453], [26.043750762939453, -26.943750381469727, 23.943750381469727], [25.80000114440918, -24.95625114440918, 24.900001525878906], [32.04375076293945, -16.61250114440918, 25.912500381469727], [32.04375076293945, -16.61250114440918, 25.912500381469727], [37.5, -7.500000476837158, 26.887500762939453], [37.5, -7.500000476837158, 26.887500762939453], [38.64375305175781, -4.800000190734863, 26.64375114440918], [38.587501525878906, -3.7125000953674316, 26.887500762939453], [38.51250076293945, -2.7562501430511475, 27.000001907348633], [38.51250076293945, -2.7562501430511475, 27.000001907348633], [38.51250076293945, -1.9875000715255737, 26.943750381469727], [38.75625228881836, -1.9875000715255737, 26.64375114440918], [38.94375228881836, -1.9875000715255737, 25.912500381469727], [38.94375228881836, -1.9875000715255737, 25.912500381469727], [39.0, -1.5562500953674316, 25.556251525878906], [39.0, -1.5562500953674316, 25.556251525878906], [39.056251525878906, -1.3125, 25.443750381469727], [39.0, -0.956250011920929, 25.087501525878906], [39.056251525878906, -1.2000000476837158, 25.087501525878906], [39.056251525878906, -1.2000000476837158, 25.012500762939453], [39.243751525878906, -1.3125, 24.712501525878906], [39.243751525878906, -1.8000000715255737, 24.712501525878906], [39.30000305175781, -2.2875001430511475, 24.656251907348633], [38.94375228881836, -3.187500238418579, 24.712501525878906], [38.64375305175781, -3.7125000953674316, 24.787500381469727], [38.212501525878906, -4.143750190734863, 24.95625114440918], [38.34375, -4.256250381469727, 24.95625114440918], [38.15625, -4.387500286102295, 24.600000381469727]];25